57820.6225271 0.999040822892 0.000227190711814 1 
57820.6429596 0.999210993446 0.000227190711814 1 
57820.6633921 0.993206338797 0.000227190711814 1 
57820.6838244 0.990307354005 0.000227190711814 1 
57820.7042568 0.989558165731 0.000227190711814 1 
57820.7246893 0.989032654602 0.000227190711814 1 
57820.7859866 0.989549013924 0.000227190711814 1 
57820.806419 0.991745876995 0.000227190711814 1 
57820.8268514 0.999127607016 0.000227190711814 1 
57820.8472839 0.999525774789 0.000227190711814 1 
57820.8677163 0.99998774965 0.000227190711814 1 
57823.2378732 0.99964049543 0.000227190711814 1 
57823.2583055 0.999801435033 0.000227190711814 1 
57823.2787378 0.998598082578 0.000227190711814 1 
57823.2991703 0.991430624923 0.000227190711814 1 
57823.3196025 0.989855180947 0.000227190711814 1 
57823.3400349 0.989926904879 0.000227190711814 1 
57823.3604673 0.989674557206 0.000227190711814 1 
57823.3808995 0.989662030999 0.000227190711814 1 
57823.4013319 0.990112946521 0.000227190711814 1 
57823.4217643 0.990847642085 0.000227190711814 1 
57823.4421966 0.995705017335 0.000227190711814 1 
57823.4830614 1.00048183416 0.000227190711814 1 
57825.8736419 1.00025792733 0.000227190711814 1 
57825.894074 1.00039773673 0.000227190711814 1 
57825.9349387 0.990610522212 0.000227190711814 1 
57825.9553709 0.989869417417 0.000227190711814 1 
57825.9758031 0.989336986255 0.000227190711814 1 
57825.9962355 0.989256127525 0.000227190711814 1 
57826.0166678 0.98919485797 0.000227190711814 1 
57826.0371 0.990102291475 0.000227190711814 1 
57826.0575323 0.991124562871 0.000227190711814 1 
57826.0779646 0.998545278829 0.000227190711814 1 
57826.0983968 0.999775959333 0.000227190711814 1 
57826.1188291 0.999826379482 0.000227190711814 1 
57828.4889689 0.999881486206 0.000227190711814 1 
57828.509401 0.999879665741 0.000227190711814 1 
57828.5298333 0.999336055189 0.000227190711814 1 
57828.5502655 0.991994289173 0.000227190711814 1 
57828.5706976 0.990189815123 0.000227190711814 1 
57828.5911299 0.989488946178 0.000227190711814 1 
57828.6115621 0.989304690376 0.000227190711814 1 
57828.6319942 0.989496742905 0.000227190711814 1 
57828.6524265 0.989821991639 0.000227190711814 1 
57828.6728587 0.990399899495 0.000227190711814 1 
57828.6932908 0.994920258907 0.000227190711814 1 
57828.7137231 0.999976218659 0.000227190711814 1 
57828.7341553 1.00009025081 0.000227190711814 1 
57831.1247194 0.999841246946 0.000227190711814 1 
57831.1451514 1.00018395662 0.000227190711814 1 
57831.1655836 0.995784816778 0.000227190711814 1 
57831.1860158 0.990619389053 0.000227190711814 1 
57831.2064479 0.990212298013 0.000227190711814 1 
57831.22688 0.989489124864 0.000227190711814 1 
57831.2473122 0.989491115388 0.000227190711814 1 
57831.2677443 0.989674917631 0.000227190711814 1 
57831.2881764 0.989764774711 0.000227190711814 1 
57831.3086086 0.99113486755 0.000227190711814 1 
57831.3290408 0.997925358635 0.000227190711814 1 
57831.3494728 0.999784407527 0.000227190711814 1 
57831.369905 0.99957786288 0.000227190711814 1 
57833.7400293 0.999417728366 0.000227190711814 1 
57833.7808934 0.999287279937 0.000227190711814 1 
57833.8013255 0.991765133473 0.000227190711814 1 
57833.8217575 0.989773118217 0.000227190711814 1 
57833.8421896 0.989395577888 0.000227190711814 1 
57833.8626217 0.988944112722 0.000227190711814 1 
57833.8830537 0.989158154776 0.000227190711814 1 
57833.9034859 0.989443488283 0.000227190711814 1 
57833.9239179 0.990056798765 0.000227190711814 1 
57833.9443499 0.993300752714 0.000227190711814 1 
57833.9647821 0.9996818257 0.000227190711814 1 
57833.9852141 1.00015138838 0.000227190711814 1 
57836.3757634 1.00017140554 0.000227190711814 1 
57836.3961953 1.00037845392 0.000227190711814 1 
57836.4166274 0.997233145057 0.000227190711814 1 
57836.4370594 0.991256354962 0.000227190711814 1 
57836.4574913 0.99013614547 0.000227190711814 1 
57836.4779234 0.989993637101 0.000227190711814 1 
57836.4983554 0.989640606843 0.000227190711814 1 
57836.5187873 0.989887146572 0.000227190711814 1 
57836.5596515 0.991251811647 0.000227190711814 1 
57836.5800835 0.997784985281 0.000227190711814 1 
57836.6005155 1.00037629347 0.000227190711814 1 
57836.6209475 1.00025630015 0.000227190711814 1 
57839.0114897 0.999770151954 0.000227190711814 1 
57839.0319217 0.999722249154 0.000227190711814 1 
57839.0523536 0.992715689748 0.000227190711814 1 
57839.0727856 0.990293762588 0.000227190711814 1 
57839.0932176 0.989448762121 0.000227190711814 1 
57839.1136495 0.9891627059 0.000227190711814 1 
57839.1340816 0.98987676222 0.000227190711814 1 
57839.1749454 0.989283798769 0.000227190711814 1 
57839.1953774 0.991804928537 0.000227190711814 1 
57839.2158093 0.999100918742 0.000227190711814 1 
57839.2362412 0.999568652438 0.000227190711814 1 
57841.6267772 1.00015200831 0.000227190711814 1 
57841.6472092 1.00049659389 0.000227190711814 1 
57841.667641 0.998208351528 0.000227190711814 1 
57841.6880729 0.991370121097 0.000227190711814 1 
57841.7085049 0.989867605364 0.000227190711814 1 
57841.7289367 0.98986720436 0.000227190711814 1 
57841.7493686 0.989503055796 0.000227190711814 1 
57841.7698006 0.989823921998 0.000227190711814 1 
57841.7902324 0.990194926617 0.000227190711814 1 
57841.8106644 0.99124622131 0.000227190711814 1 
57841.8310964 0.997134062148 0.000227190711814 1 
57841.87196 1.00068007109 0.000227190711814 1 
57844.26249 1.00035081544 0.000227190711814 1 
57844.282922 1.00050985461 0.000227190711814 1 
57844.3033537 0.994473504445 0.000227190711814 1 
57844.3237856 0.990738943156 0.000227190711814 1 
57844.3442174 0.989667212306 0.000227190711814 1 
57844.3646493 0.989624591769 0.000227190711814 1 
57844.3850813 0.989641757203 0.000227190711814 1 
57844.405513 0.989412124412 0.000227190711814 1 
57844.4259449 0.99038548489 0.000227190711814 1 
57844.4463768 0.992378911691 0.000227190711814 1 
57844.4668086 0.999360895701 0.000227190711814 1 
57844.4872404 1.00006715177 0.000227190711814 1 
57844.5076724 1.00026548833 0.000227190711814 1 
57846.8777649 1.00005389383 0.000227190711814 1 
57846.8981968 1.00015750476 0.000227190711814 1 
57846.9186285 0.998809001885 0.000227190711814 1 
57846.9390603 0.991409897672 0.000227190711814 1 
57846.9594922 0.98980957571 0.000227190711814 1 
57846.979924 0.990014395441 0.000227190711814 1 
57847.0207877 0.989328684537 0.000227190711814 1 
57847.0412195 0.990239082531 0.000227190711814 1 
57847.0616513 0.990452001658 0.000227190711814 1 
57847.1025149 0.999848859854 0.000227190711814 1 
57847.1229467 1.0001903488 0.000227190711814 1 
57849.5134661 1.00007840405 0.000227190711814 1 
57849.5338979 1.00021756681 0.000227190711814 1 
57849.5543297 0.995753056191 0.000227190711814 1 
57849.5747614 0.991012100084 0.000227190711814 1 
57849.5951931 0.990051720019 0.000227190711814 1 
57849.6156249 0.989804482927 0.000227190711814 1 
57849.6360567 0.989567665947 0.000227190711814 1 
57849.6564885 0.989877626205 0.000227190711814 1 
57849.6769203 0.990838968885 0.000227190711814 1 
57849.7177838 0.999299482205 0.000227190711814 1 
57849.7382155 1.00038237436 0.000227190711814 1 
57849.7586473 0.999758959537 0.000227190711814 1 
57852.1287304 0.999969160664 0.000227190711814 1 
57852.1491621 0.999845144161 0.000227190711814 1 
57852.1695939 0.999022386982 0.000227190711814 1 
57852.1900256 0.991993582774 0.000227190711814 1 
57852.2104573 0.99011739209 0.000227190711814 1 
57852.2308891 0.989516437046 0.000227190711814 1 
57852.2513207 0.989553937841 0.000227190711814 1 
57852.2717525 0.989264874043 0.000227190711814 1 
57852.2921843 0.989675186823 0.000227190711814 1 
57852.312616 0.990544449281 0.000227190711814 1 
57852.3330477 0.994403889145 0.000227190711814 1 
57852.3534795 0.999875581082 0.000227190711814 1 
57852.3739112 1.00005350525 0.000227190711814 1 
57854.7644219 0.999838987695 0.000227190711814 1 
57854.7848536 1.00031883796 0.000227190711814 1 
57854.8052852 0.996239201054 0.000227190711814 1 
57854.825717 0.990928841051 0.000227190711814 1 
57854.8461487 0.989897001964 0.000227190711814 1 
57854.8665804 0.989729675887 0.000227190711814 1 
57854.8870121 0.989423801069 0.000227190711814 1 
57854.9074438 0.989472439738 0.000227190711814 1 
57854.9278755 0.989826626343 0.000227190711814 1 
57854.9483072 0.990848957191 0.000227190711814 1 
57854.9687389 0.998155236504 0.000227190711814 1 
57854.9891706 0.999907629487 0.000227190711814 1 
57855.0096024 1.00023567611 0.000227190711814 1 
57857.4001093 0.999953530429 0.000227190711814 1 
57857.420541 0.999768756716 0.000227190711814 1 
57857.4409727 0.993414559048 0.000227190711814 1 
57857.4614043 0.990485318016 0.000227190711814 1 
57857.481836 0.989710676403 0.000227190711814 1 
57857.5022677 0.98937997178 0.000227190711814 1 
57857.5226994 0.9893186375 0.000227190711814 1 
57857.5431311 0.989899148884 0.000227190711814 1 
57857.5635627 0.990323729997 0.000227190711814 1 
57857.5839944 0.993677722946 0.000227190711814 1 
57857.6044261 0.999793531695 0.000227190711814 1 
57857.6248577 1.00009892389 0.000227190711814 1 
57860.0153617 0.999866562575 0.000227190711814 1 
57860.0357932 0.999961557864 0.000227190711814 1 
57860.056225 0.99711976423 0.000227190711814 1 
57860.0766566 0.990671020272 0.000227190711814 1 
57860.0970883 0.989793357611 0.000227190711814 1 
57860.1175199 0.98926613951 0.000227190711814 1 
57860.1379515 0.989235530904 0.000227190711814 1 
57860.1583833 0.989377572812 0.000227190711814 1 
57860.1788148 0.989908663961 0.000227190711814 1 
57860.1992465 0.990723661363 0.000227190711814 1 
57860.2196782 0.99713419415 0.000227190711814 1 
57860.2401098 0.999781262633 0.000227190711814 1 
57860.2605414 1.00000583254 0.000227190711814 1 
57862.6510426 1.00014117881 0.000227190711814 1 
57862.6714744 1.00016298019 0.000227190711814 1 
57862.6919059 0.993731805855 0.000227190711814 1 
57862.7123375 0.990297393179 0.000227190711814 1 
57862.7327691 0.989665854736 0.000227190711814 1 
57862.7532008 0.989114759877 0.000227190711814 1 
57862.7736324 0.989422777757 0.000227190711814 1 
57862.794064 0.989625420246 0.000227190711814 1 
57862.8144956 0.989947824755 0.000227190711814 1 
57862.8349273 0.992575886403 0.000227190711814 1 
57862.855359 0.99970118674 0.000227190711814 1 
57862.8757905 0.999923658329 0.000227190711814 1 
57862.8962222 0.999963102264 0.000227190711814 1 
57865.2662896 0.999884511273 0.000227190711814 1 
57865.2867213 0.999829632988 0.000227190711814 1 
57865.3071529 0.997721684508 0.000227190711814 1 
57865.3275846 0.99102797252 0.000227190711814 1 
57865.3480161 0.989664946278 0.000227190711814 1 
57865.3684477 0.989190949692 0.000227190711814 1 
57865.3888794 0.98904929219 0.000227190711814 1 
57865.4093109 0.989000278607 0.000227190711814 1 
57865.4297425 0.989506990353 0.000227190711814 1 
57865.4501742 0.990264235139 0.000227190711814 1 
57865.4706057 0.995715922328 0.000227190711814 1 
57865.4910373 0.999567978619 0.000227190711814 1 
57865.5114689 0.999772199472 0.000227190711814 1 
57867.9019663 1.00007447722 0.000227190711814 1 
57867.922398 1.0000651565 0.000227190711814 1 
57867.9428295 0.994403833326 0.000227190711814 1 
57867.963261 0.990285641773 0.000227190711814 1 
57867.9836927 0.989405249492 0.000227190711814 1 
57868.0041243 0.989179224204 0.000227190711814 1 
57868.0245559 0.989488965897 0.000227190711814 1 
57868.0449875 0.989280432746 0.000227190711814 1 
57868.0654191 0.989620663995 0.000227190711814 1 
57868.1062823 0.999522693427 0.000227190711814 1 
57868.1267139 1.00013856415 0.000227190711814 1 
57868.1471456 0.999985104219 0.000227190711814 1 
57870.5172101 0.999760251267 0.000227190711814 1 
57870.5580733 0.998824771111 0.000227190711814 1 
57870.5785049 0.991058123037 0.000227190711814 1 
57870.5989364 0.989518749889 0.000227190711814 1 
57870.619368 0.989246832232 0.000227190711814 1 
57870.6397996 0.989091040497 0.000227190711814 1 
57870.6602313 0.9892030647 0.000227190711814 1 
57870.6806628 0.989627951783 0.000227190711814 1 
57870.7010943 0.990303398712 0.000227190711814 1 
57870.721526 0.994960189835 0.000227190711814 1 
57870.7419576 0.999840580005 0.000227190711814 1 
57870.7623891 0.999927707547 0.000227190711814 1 
57873.1528846 1.00014617126 0.000227190711814 1 
57873.1733163 1.00001150311 0.000227190711814 1 
57873.1937478 0.995693686312 0.000227190711814 1 
57873.2141795 0.990396810266 0.000227190711814 1 
57873.2550426 0.989589504016 0.000227190711814 1 
57873.2754742 0.989148192896 0.000227190711814 1 
57873.2959057 0.989619012615 0.000227190711814 1 
57873.3163373 0.990190958543 0.000227190711814 1 
57873.3367689 0.99118271021 0.000227190711814 1 
57873.3572005 0.998536135319 0.000227190711814 1 
57873.377632 0.999797218892 0.000227190711814 1 
57873.3980636 0.999924770913 0.000227190711814 1 
57875.7681273 0.99985150016 0.000227190711814 1 
57875.7885589 1.00007800603 0.000227190711814 1 
57875.8089906 0.999223818988 0.000227190711814 1 
57875.8294221 0.991757723985 0.000227190711814 1 
57875.8498537 0.990018084406 0.000227190711814 1 
57875.8702853 0.989331313922 0.000227190711814 1 
57875.8907168 0.989012761876 0.000227190711814 1 
57875.9111484 0.989053551577 0.000227190711814 1 
57875.9520115 0.989912788692 0.000227190711814 1 
57875.9724431 0.993715273546 0.000227190711814 1 
57875.9928748 0.999675833929 0.000227190711814 1 
57876.0133063 0.999643914578 0.000227190711814 1 
57878.4038018 0.999814235478 0.000227190711814 1 
57878.4242334 0.999912588617 0.000227190711814 1 
57878.444665 0.996631902703 0.000227190711814 1 
57878.4650967 0.990668995425 0.000227190711814 1 
57878.4855281 0.9898324363 0.000227190711814 1 
57878.5059597 0.989640898539 0.000227190711814 1 
57878.5263914 0.989443165298 0.000227190711814 1 
57878.5468229 0.989377155564 0.000227190711814 1 
57878.5672546 0.989461832121 0.000227190711814 1 
57878.5876861 0.990952103727 0.000227190711814 1 
57878.6081176 0.997508736183 0.000227190711814 1 
57878.6489809 0.999848169267 0.000227190711814 1 
57881.0394771 0.999910576936 0.000227190711814 1 
57881.0599086 0.999298456347 0.000227190711814 1 
57881.1007718 0.990028617104 0.000227190711814 1 
57881.1212033 0.989334191226 0.000227190711814 1 
57881.1416349 0.989005509929 0.000227190711814 1 
57881.1620666 0.989189483234 0.000227190711814 1 
57881.1824982 0.989512202946 0.000227190711814 1 
57881.2029297 0.990111785552 0.000227190711814 1 
57881.2233614 0.993116833499 0.000227190711814 1 
57881.243793 0.999625560764 0.000227190711814 1 
57881.2642246 0.999801618659 0.000227190711814 1 
57883.6547218 1.00011038023 0.000227190711814 1 
57883.6751535 1.00011200665 0.000227190711814 1 
57883.6955851 0.997542514764 0.000227190711814 1 
57883.7160166 0.991067986841 0.000227190711814 1 
57883.7364483 0.990326971222 0.000227190711814 1 
57883.7568799 0.989503313037 0.000227190711814 1 
57883.7773114 0.98961085825 0.000227190711814 1 
57883.7977431 0.989416321611 0.000227190711814 1 
57883.8181747 0.989986481625 0.000227190711814 1 
57883.8386063 0.990653666015 0.000227190711814 1 
57883.8590379 0.996459729252 0.000227190711814 1 
57883.8794695 0.99976743252 0.000227190711814 1 
57883.8999012 0.999875860937 0.000227190711814 1 
57886.2904001 0.999978502937 0.000227190711814 1 
57886.3108317 1.00055965893 0.000227190711814 1 
57886.3312633 0.994417619317 0.000227190711814 1 
57886.3516949 0.990817647749 0.000227190711814 1 
57886.3925581 0.989648446753 0.000227190711814 1 
57886.4129899 0.989474559707 0.000227190711814 1 
57886.4334215 0.989195936344 0.000227190711814 1 
57886.453853 0.989819508645 0.000227190711814 1 
57886.4947163 0.999463192995 0.000227190711814 1 
57886.5151478 1.00007488529 0.000227190711814 1 
57886.5355796 1.00030191144 0.000227190711814 1 
57888.9056489 1.00009721284 0.000227190711814 1 
57888.9465122 0.998459893739 0.000227190711814 1 
57888.9669438 0.991250383527 0.000227190711814 1 
57888.9873755 0.989865271793 0.000227190711814 1 
57889.0078071 0.989180192101 0.000227190711814 1 
57889.0282388 0.989370874713 0.000227190711814 1 
57889.0486704 0.989493064433 0.000227190711814 1 
57889.069102 0.989623508645 0.000227190711814 1 
57889.0895338 0.990418340825 0.000227190711814 1 
57889.1099653 0.995592970971 0.000227190711814 1 
57889.1303969 1.00012182387 0.000227190711814 1 
57889.1508287 0.999814412003 0.000227190711814 1 
57891.5413321 1.00024838886 0.000227190711814 1 
57891.5617638 0.999873021333 0.000227190711814 1 
57891.5821955 0.994863562002 0.000227190711814 1 
57891.6026271 0.990500597823 0.000227190711814 1 
57891.6434904 0.989371078531 0.000227190711814 1 
57891.6639221 0.989395822104 0.000227190711814 1 
57891.6843538 0.989512957393 0.000227190711814 1 
57891.7047854 0.99029407214 0.000227190711814 1 
57891.7252171 0.991929955267 0.000227190711814 1 
57891.7456488 0.999299201832 0.000227190711814 1 
57891.7660805 1.00024241203 0.000227190711814 1 
57891.7865121 1.0004775091 0.000227190711814 1 
57894.1565869 1.0002348429 0.000227190711814 1 
57894.1770186 1.00014553552 0.000227190711814 1 
57894.1974502 0.999280449478 0.000227190711814 1 
57894.217882 0.991754887847 0.000227190711814 1 
57894.2383136 0.990341042654 0.000227190711814 1 
57894.2587454 0.989398458765 0.000227190711814 1 
57894.279177 0.989392225118 0.000227190711814 1 
57894.2996087 0.989469490033 0.000227190711814 1 
57894.3404721 0.990524496565 0.000227190711814 1 
57894.3609038 0.994875771346 0.000227190711814 1 
57894.3813355 1.00018355394 0.000227190711814 1 
57894.4017672 1.00000074104 0.000227190711814 1 
57896.7922769 0.999020757909 0.000227190711814 1 
57896.8127087 0.99894143377 0.000227190711814 1 
57896.8331404 0.995151674468 0.000227190711814 1 
57896.8535721 0.989640014118 0.000227190711814 1 
57896.8740039 0.989072187729 0.000227190711814 1 
57896.935299 0.98900554601 0.000227190711814 1 
57896.9557307 0.989110079926 0.000227190711814 1 
57896.9761626 0.990309117594 0.000227190711814 1 
57896.9965942 0.997581333689 0.000227190711814 1 
57899.4075394 1.00024112688 0.000227190711814 1 
57899.4279712 1.00014053176 0.000227190711814 1 
57899.448403 0.999826061344 0.000227190711814 1 
57899.4892665 0.99057003952 0.000227190711814 1 
57899.5096982 0.989837417899 0.000227190711814 1 
57899.53013 0.989910344155 0.000227190711814 1 
57899.5505617 0.989594681134 0.000227190711814 1 
57899.5709935 0.989869391083 0.000227190711814 1 
57899.5914252 0.990572737267 0.000227190711814 1 
57899.611857 0.993754968402 0.000227190711814 1 
57899.6322888 1.00021338442 0.000227190711814 1 
57899.6527206 1.00011392461 0.000227190711814 1 
