58072.7856736 1.0030014456 0.00508837610253 337.088000476 
58072.7902892 1.0037899653 0.00508837610253 342.012777627 
58072.794882 0.996461452417 0.00508837610253 338.98881495 
58072.7995304 1.00237505144 0.00508837610253 342.01281786 
58072.8041928 1.00279769322 0.00508837610253 342.012777627 
58072.808876 0.991457469328 0.00508837610253 342.01281786 
58072.8134986 1.00085198749 0.00508837610253 338.038387597 
58072.8181192 0.999366766114 0.00508837610253 338.98881495 
58072.8227488 0.995042555127 0.00508837610253 341.062390506 
58072.8274134 0.995489894166 0.00508837610253 342.01281786 
58072.8320596 0.999687033779 0.00508837610253 340.025622845 
58072.8366964 0.990676916481 0.00508837610253 341.062390506 
58072.8413308 0.990068646924 0.00508837610253 342.01281786 
58072.845986 0.99479558255 0.00508837610253 340.025582612 
58072.8506158 0.997100394375 0.00508837610253 340.025582612 
58072.8552366 0.994247661937 0.00508837610253 340.025622845 
58072.8598384 0.99616448781 0.00508837610253 335.014384687 
58072.8643942 0.995661181599 0.00508837610253 337.952007055 
58072.8689938 0.991948626083 0.00508837610253 337.001619935 
58072.8736028 0.996388754844 0.00508837610253 338.038387597 
58072.8782186 0.995016662841 0.00508837610253 338.98881495 
58072.8828486 0.997442770069 0.00508837610253 342.96320498 
58072.8874414 0.995929067176 0.00508837610253 338.988774717 
58072.8920642 0.998916638675 0.00508837610253 336.051232815 
58072.8966314 0.994477107428 0.00508837610253 335.014384687 
58072.9012264 0.991942451768 0.00508837610253 338.038387597 
58072.9058356 0.987907636873 0.00508837610253 338.038387597 
58072.9104052 0.99366448798 0.00508837610253 331.99042201 
58072.9149354 0.994798769293 0.00508837610253 333.027189672 
58072.919454 0.994161221535 0.00508837610253 333.977576792 
58072.9242876 0.990040962095 0.00508837610253 359.033606648 
58072.929297 0.987482405863 0.00508837610253 339.93920207 
58072.9339038 0.993635408951 0.00508837610253 337.001619935 
58072.9385126 0.996178230639 0.00508837610253 338.038387597 
58072.9431102 0.994448426741 0.00508837610253 335.014384687 
58072.94771 0.994554784287 0.00508837610253 338.988774717 
58072.9522886 0.992963205364 0.00508837610253 338.03842783 
58072.956886 0.993413531974 0.00508837610253 335.96481204 
58072.9614974 0.989897359492 0.00508837610253 338.988774717 
58072.9660924 0.987609078895 0.00508837610253 333.977617025 
58072.9752386 0.991754234764 0.00508837610253 337.001619935 
58072.979806 1.00029410831 0.00508837610253 338.03842783 
58072.9844522 0.996023275264 0.00508837610253 343.049625754 
58072.9890564 0.996166678696 0.00508837610253 339.075195491 
58072.9936538 0.986766782904 0.00508837610253 336.051192582 
58072.9982766 1.00329024418 0.00508837610253 342.012777627 
58073.002897 1.01336353859 0.00508837610253 338.038387597 
58073.0074898 0.999513356289 0.00508837610253 342.01281786 
58073.0121588 0.995093343842 0.00508837610253 343.049585521 
58073.0168374 1.00161063148 0.00508837610253 344.086433649 
58073.0215116 0.984393456105 0.00508837610253 342.01281786 
58080.6617476 1.00242101555 0.00289849493756 342.01281786 
58080.6664002 0.999551880877 0.00289849493756 340.025582612 
58080.6710164 1.00155093656 0.00289849493756 339.075195491 
58080.6756158 1.00471393897 0.00289849493756 338.038387597 
58080.680262 1.00421919207 0.00289849493756 342.963164747 
58080.684887 0.998910100752 0.00289849493756 339.93920207 
58080.6895286 1.00529690581 0.00289849493756 338.988774717 
58080.6941352 0.998880892802 0.00289849493756 338.038387597 
58080.698732 0.995691066756 0.00289849493756 340.025582612 
58080.7033554 0.995326861502 0.00289849493756 340.975969732 
58080.7079526 0.992198233065 0.00289849493756 340.025622845 
58080.7125476 0.993167460139 0.00289849493756 338.038387597 
58080.7171542 0.992698146005 0.00289849493756 341.062390506 
58080.7218026 0.989881863808 0.00289849493756 341.062430739 
58080.7264114 0.987422236511 0.00289849493756 337.001579702 
58080.7310388 0.986460559791 0.00289849493756 340.976009965 
58080.7356708 0.987200097136 0.00289849493756 337.952007055 
58080.7403146 0.988127399874 0.00289849493756 340.025582612 
58080.7449306 0.989136166963 0.00289849493756 338.98881495 
58080.7495718 0.986616732911 0.00289849493756 341.062390506 
58080.7541854 0.988256749367 0.00289849493756 337.001619935 
58080.7588128 0.992897038235 0.00289849493756 343.049585521 
58080.7634726 0.989095434788 0.00289849493756 340.976009965 
58080.7681278 0.987882410743 0.00289849493756 343.049585521 
58080.7727828 0.992391561877 0.00289849493756 343.049585521 
58080.7774174 0.989962930771 0.00289849493756 340.025622845 
58080.7820866 0.99265800991 0.00289849493756 343.049585521 
58080.7867416 0.989986972689 0.00289849493756 340.025622845 
58080.791353 0.985436095913 0.00289849493756 339.075195491 
58080.7959754 0.991474193815 0.00289849493756 344.000012875 
58080.800631 0.99109250353 0.00289849493756 339.075195491 
58080.8052238 0.993221902169 0.00289849493756 335.96481204 
58080.8098254 0.992767688743 0.00289849493756 338.98881495 
58080.8144672 0.986762375274 0.00289849493756 340.975969732 
58080.819076 0.989726485462 0.00289849493756 336.051192582 
58080.8236688 0.990244876901 0.00289849493756 337.001619935 
58080.8282824 0.990876126268 0.00289849493756 338.988774717 
58080.8329164 0.988584792397 0.00289849493756 339.075235724 
58080.837521 0.987764188088 0.00289849493756 336.051192582 
58080.8421066 0.994092179862 0.00289849493756 337.001579702 
58080.8467084 0.988988736358 0.00289849493756 340.976009965 
58080.8513152 0.987966259416 0.00289849493756 335.964771807 
58080.8559012 0.992430704503 0.00289849493756 333.977617025 
58080.8604544 0.992269365351 0.00289849493756 334.928004146 
58080.8649982 0.996411132135 0.00289849493756 335.014384687 
58080.869547 0.99649458342 0.00289849493756 338.038387597 
58080.874133 1.00180109172 0.00289849493756 336.051232815 
58080.8787094 1.00346395793 0.00289849493756 336.051192582 
58080.8832812 0.999915092663 0.00289849493756 336.051192582 
58080.8878716 1.00054296424 0.00289849493756 338.038387597 
58080.8924644 0.995840682989 0.00289849493756 335.96481204 
58080.8970456 0.999834423087 0.00289849493756 337.001579702 
58080.901615 0.999189662559 0.00289849493756 333.977617025 
58080.906164 0.996507697194 0.00289849493756 335.01442492 
58080.9107402 0.997451690189 0.00289849493756 337.952007055 
58080.915391 1.0010146627 0.00289849493756 340.025582612 
