58167.331059 0.99977615607 0.00211 31 
58167.3314294 1.00060218563 0.00211 31 
58167.3317882 1.00267964226 0.00211 31 
58167.332147 0.99990399031 0.00211 31 
58167.3325174 0.996486168986 0.00211 31 
58167.3328762 0.995608751528 0.00211 31 
58167.3332465 1.00126683526 0.00211 31 
58167.3336169 1.00079492232 0.00211 31 
58167.3339757 1.00228095394 0.00211 31 
58167.3343461 1.00170393866 0.00211 31 
58167.3347049 1.00066984243 0.00211 31 
58167.3350752 1.00244557647 0.00211 31 
58167.335434 0.999286038518 0.00211 31 
58167.3358044 1.00026936427 0.00211 31 
58167.3361748 0.999662434687 0.00211 31 
58167.3365336 1.00293186494 0.00211 31 
58167.3368923 0.999449617672 0.00211 31 
58167.3372627 0.999436552752 0.00211 31 
58167.3376215 1.00254643138 0.00211 31 
58167.3379919 1.00181853413 0.00211 31 
58167.3383507 0.998801871302 0.00211 31 
58167.3387211 1.00126380635 0.00211 31 
58167.3390799 0.999075996556 0.00211 31 
58167.3394502 0.997456648199 0.00211 31 
58167.339809 1.00297613398 0.00211 31 
58167.3401794 1.00094921523 0.00211 31 
58167.3405382 1.00060377482 0.00211 31 
58167.340897 0.99977442568 0.00211 31 
58167.3412674 1.00314745545 0.00211 31 
58167.3416262 0.999248981537 0.00211 31 
58167.3419965 1.00134115656 0.00211 31 
58167.3423553 0.998227361117 0.00211 31 
58167.3427257 0.998376633126 0.00211 31 
58167.3430845 1.0005472391 0.00211 31 
58167.3434433 0.99773581421 0.00211 31 
58167.3438137 0.996797392029 0.00211 31 
58167.3441725 1.00217101473 0.00211 31 
58167.3445428 1.00246745803 0.00211 31 
58167.3449016 0.996617952893 0.00211 31 
58167.345272 0.995904640254 0.00211 31 
58167.3456308 0.997852390148 0.00211 31 
58167.3460012 1.00113932877 0.00211 31 
58167.34636 1.00050925786 0.00211 31 
58167.3467187 1.0022403754 0.00211 31 
58167.3470891 1.00220822192 0.00211 31 
58167.3474479 1.00287639704 0.00211 31 
58167.3478183 0.999117578171 0.00211 31 
58167.3481771 1.00273533572 0.00211 31 
58167.3485359 1.00110585975 0.00211 31 
58167.3489063 0.999503164133 0.00211 31 
58167.3492651 0.999902529895 0.00211 31 
58167.3496354 1.00005292587 0.00211 31 
58167.3499942 0.999087301706 0.00211 31 
58167.350353 0.997677237153 0.00211 31 
58167.3507234 0.99817914084 0.00211 31 
58167.3510822 1.00049201125 0.00211 31 
58167.3514525 1.00171389888 0.00211 31 
58167.3518113 0.998052189017 0.00211 31 
58167.3521817 0.999515403484 0.00211 31 
58167.3525405 0.997387489257 0.00211 31 
58167.3528993 0.998708609371 0.00211 31 
58167.3532697 0.999737852194 0.00211 31 
58167.3536285 1.00082460935 0.00211 31 
58167.3539989 1.00172193008 0.00211 31 
58167.3543576 1.00030784969 0.00211 31 
58167.3547164 0.997083808992 0.00211 31 
58167.3550868 1.00001709632 0.00211 31 
58167.3554456 1.0008153311 0.00211 31 
58167.355816 0.996908593967 0.00211 31 
58167.3561748 1.00022827351 0.00211 31 
58167.3565451 0.997415963084 0.00211 31 
58167.3569039 0.999836261585 0.00211 31 
58167.3572743 1.00009706959 0.00211 31 
58167.3576331 1.00220408724 0.00211 31 
58167.3579919 1.0018367865 0.00211 31 
58167.3583623 0.998342611695 0.00211 31 
58167.3587211 1.00050859428 0.00211 31 
58167.3590914 1.00352905426 0.00211 31 
58167.3594502 0.998676849514 0.00211 31 
58167.359809 0.999015425427 0.00211 31 
58167.3601794 1.00231180067 0.00211 31 
58167.3605382 0.997901391525 0.00211 31 
58167.3609086 0.999154635043 0.00211 31 
58167.3612674 1.0012135589 0.00211 31 
58167.3616262 0.999769828478 0.00211 31 
58167.3619965 1.00288213663 0.00211 31 
58167.3623553 1.00311967203 0.00211 31 
58167.3627257 1.00093386312 0.00211 31 
58167.3630845 0.996966279139 0.00211 31 
58167.3634549 1.0008904497 0.00211 31 
58167.3638137 1.00336910265 0.00211 31 
58167.364184 0.997147539227 0.00211 31 
58167.3645428 0.998934408346 0.00211 31 
58167.3649016 0.995759638117 0.00211 31 
58167.365272 0.996356683792 0.00211 31 
58167.3656308 1.00171485838 0.00211 31 
58167.3660012 1.00202879967 0.00211 31 
58167.36636 0.995063028683 0.00211 31 
58167.3667188 1.00033805814 0.00211 31 
58167.3670891 1.00238675252 0.00211 31 
58167.3674479 0.997495040815 0.00211 31 
58167.3678183 1.00222568168 0.00211 31 
58167.3681771 1.00015875276 0.00211 31 
58167.3685475 0.998358389064 0.00211 31 
58167.3689062 0.995343829159 0.00211 31 
58167.369265 0.999297719596 0.00211 31 
58167.3696354 1.0004537969 0.00211 31 
58167.3699942 0.996772137564 0.00211 31 
58167.3703646 1.00098365399 0.00211 31 
58167.3707234 1.00210152757 0.00211 31 
58167.3710822 0.999232108413 0.00211 31 
58167.3714526 1.00032075651 0.00211 31 
58167.3718113 0.998531230697 0.00211 31 
58167.3721817 0.999539871256 0.00211 31 
58167.3725405 0.997935602241 0.00211 31 
58167.3728993 0.997001106432 0.00211 31 
58167.3732697 1.00060883719 0.00211 31 
58167.3736285 0.999977773439 0.00211 31 
58167.3739988 1.00064279997 0.00211 31 
58167.3743577 0.998858307226 0.00211 31 
58167.374728 0.998330621047 0.00211 31 
58167.3750984 0.995596383259 0.00211 31 
58167.3754572 0.996417858977 0.00211 31 
58167.3758275 0.996323402525 0.00211 31 
58167.3761864 0.997379391475 0.00211 31 
58167.3765567 0.997914434288 0.00211 31 
58167.3769155 0.99371133572 0.00211 31 
58167.3772743 0.995404343114 0.00211 31 
58167.3776447 0.999585164214 0.00211 31 
58167.3780035 0.997003519675 0.00211 31 
58167.3783738 0.999026302594 0.00211 31 
58167.3787326 0.994966600351 0.00211 31 
58167.379103 0.996577369176 0.00211 31 
58167.3794618 0.995086843805 0.00211 31 
58167.3798206 0.995485715385 0.00211 31 
58167.380191 0.992703221547 0.00211 31 
58167.3805498 0.999164624058 0.00211 31 
58167.3809201 0.996564786325 0.00211 31 
58167.3812789 0.995274128804 0.00211 31 
58167.3816377 0.997302035777 0.00211 31 
58167.3820081 0.991424072501 0.00211 31 
58167.3823669 0.992133354374 0.00211 31 
58167.3827373 0.994869250904 0.00211 31 
58167.3830961 0.990918788368 0.00211 31 
58167.3834549 0.994932324832 0.00211 31 
58167.3838252 0.994196342602 0.00211 31 
58167.384184 0.995359596618 0.00211 31 
58167.3845544 0.994066998582 0.00211 31 
58167.3849132 0.996486350068 0.00211 31 
58167.3852836 0.988762910788 0.00211 31 
58167.3856424 0.991546216119 0.00211 31 
58167.3860012 0.990669611537 0.00211 31 
58167.3863715 0.991882653468 0.00211 31 
58167.3867303 0.986850263677 0.00211 31 
58167.3871007 0.988439716064 0.00211 31 
58167.3874595 0.990077617428 0.00211 31 
58167.3878299 0.991772109716 0.00211 31 
58167.3881886 0.990287458178 0.00211 31 
58167.388559 0.991809374314 0.00211 31 
58167.3889178 0.993553125523 0.00211 31 
58167.3892766 0.992461183973 0.00211 31 
58167.389647 0.992475685043 0.00211 31 
58167.3900058 0.990511424395 0.00211 31 
58167.3903762 0.991705127254 0.00211 31 
58167.390735 0.990013414626 0.00211 31 
58167.3910937 0.987654386329 0.00211 31 
58167.3914641 0.992072554836 0.00211 31 
58167.3918229 0.990124383198 0.00211 31 
58167.3921933 0.992253644061 0.00211 31 
58167.3925521 0.990078455811 0.00211 31 
58167.3929109 0.987983575125 0.00211 31 
58167.3932813 0.993536415982 0.00211 31 
58167.3936401 0.992587905879 0.00211 31 
58167.3940104 0.990764559654 0.00211 31 
58167.3943692 0.9897990722 0.00211 31 
58167.3947396 0.988613957649 0.00211 31 
58167.3950984 0.991575874288 0.00211 31 
58167.3954572 0.990909958905 0.00211 31 
58167.3958275 0.990791028193 0.00211 31 
58167.3961863 0.985642734444 0.00211 31 
58167.3965567 0.989624401552 0.00211 31 
58167.3969155 0.989768874041 0.00211 31 
58167.3972743 0.990167701669 0.00211 31 
58167.3976447 0.986171096181 0.00211 31 
58167.3980035 0.987023077473 0.00211 31 
58167.3983739 0.991004566979 0.00211 31 
58167.3987326 0.990102519003 0.00211 31 
58167.399103 0.987753761007 0.00211 31 
58167.3994618 0.992666193373 0.00211 31 
58167.3998206 0.99067928868 0.00211 31 
58167.400191 0.984968512789 0.00211 31 
58167.4005498 0.990743037922 0.00211 31 
58167.4009201 0.988589848362 0.00211 31 
58167.4012789 0.989808844592 0.00211 31 
58167.4016493 0.988242050843 0.00211 31 
58167.4020081 0.987604965459 0.00211 31 
58167.4027373 0.989190168378 0.00211 31 
58167.4030961 0.987153153672 0.00211 31 
58167.4034664 0.989350675768 0.00211 31 
58167.4038252 0.990156303297 0.00211 31 
58167.404184 0.986170612661 0.00211 31 
58167.4045544 0.990580757021 0.00211 31 
58167.4049132 0.988886206182 0.00211 31 
58167.4052836 0.98790617187 0.00211 31 
58167.4056424 0.988386883256 0.00211 31 
58167.4060012 0.990265744206 0.00211 31 
58167.4063715 0.98861137824 0.00211 31 
58167.4067303 0.992175025561 0.00211 31 
58167.4071007 0.987908429744 0.00211 31 
58167.4074595 0.987732320592 0.00211 31 
58167.4078299 0.991192961399 0.00211 31 
58167.4081887 0.987325910461 0.00211 31 
58167.408559 0.992020365587 0.00211 31 
58167.4089178 0.986893118869 0.00211 31 
58167.4092766 0.994315046825 0.00211 31 
58167.409647 0.989394485096 0.00211 31 
58167.4100058 0.989494362214 0.00211 31 
58167.4103761 0.987619646817 0.00211 31 
58167.410735 0.986335769757 0.00211 31 
58167.4110938 0.989102292238 0.00211 31 
58167.4114641 0.988374991103 0.00211 31 
58167.4118229 0.988218633118 0.00211 31 
58167.4121933 0.988288340271 0.00211 31 
58167.4125521 0.985690619981 0.00211 31 
58167.4129109 0.987595451575 0.00211 31 
58167.4132812 0.987010679532 0.00211 31 
58167.41364 0.98882495064 0.00211 31 
58167.4140104 0.988920332694 0.00211 31 
58167.4143692 0.989452609148 0.00211 31 
58167.414728 0.987320517756 0.00211 31 
58167.4150984 0.990682770043 0.00211 31 
58167.4154572 0.990531674006 0.00211 31 
58167.4158276 0.987908857119 0.00211 31 
58167.4161863 0.988128462032 0.00211 31 
58167.4165567 0.988009966988 0.00211 31 
58167.4169271 0.987325630404 0.00211 31 
58167.4172859 0.98829974586 0.00211 31 
58167.4176563 0.993107774169 0.00211 31 
58167.418015 0.988700780941 0.00211 31 
58167.4183854 0.990246781469 0.00211 31 
58167.4187442 0.986232700593 0.00211 31 
58167.4191146 0.987884961311 0.00211 31 
58167.4194734 0.986639705287 0.00211 31 
58167.4198437 0.992228428565 0.00211 31 
58167.4202025 0.989302601942 0.00211 31 
58167.4205729 0.988881494945 0.00211 31 
58167.4209317 0.98762762157 0.00211 31 
58167.4212905 0.987829647656 0.00211 31 
58167.4216609 0.986370888729 0.00211 31 
58167.4220197 0.988007454843 0.00211 31 
58167.4223901 0.986101348492 0.00211 31 
58167.4227488 0.987625621004 0.00211 31 
58167.4231076 0.988970859987 0.00211 31 
58167.423478 0.990513291776 0.00211 31 
58167.4238368 0.989238864324 0.00211 31 
58167.4242072 0.990052677958 0.00211 31 
58167.424566 0.98816978706 0.00211 31 
58167.4249363 0.984035743379 0.00211 31 
58167.4252951 0.989359916329 0.00211 31 
58167.4256539 0.990083251773 0.00211 31 
58167.4260243 0.988599754753 0.00211 31 
58167.4263831 0.98819565745 0.00211 31 
58167.4267419 0.990332961964 0.00211 31 
58167.4271123 0.986359331093 0.00211 31 
58167.4274711 0.986781893955 0.00211 31 
58167.4278414 0.988363054653 0.00211 31 
58167.4282002 0.990585458532 0.00211 31 
58167.4285706 0.994705327494 0.00211 31 
58167.4289294 0.993768036084 0.00211 31 
58167.4292882 0.988084920101 0.00211 31 
58167.4296586 0.98768762105 0.00211 31 
58167.4300174 0.990051210537 0.00211 31 
58167.4303877 0.987163687011 0.00211 31 
58167.4307465 0.988495704216 0.00211 31 
58167.4311053 0.990600377691 0.00211 31 
58167.4314757 0.990187976089 0.00211 31 
58167.4318345 0.989796142832 0.00211 31 
58167.4322049 0.984985430645 0.00211 31 
58167.4325636 0.987469990224 0.00211 31 
58167.432934 0.989869368813 0.00211 31 
58167.4332928 0.98864536803 0.00211 31 
58167.4336516 0.990188079555 0.00211 31 
58167.434022 0.986830558727 0.00211 31 
58167.4343808 0.99041784032 0.00211 31 
58167.4347512 0.98825715115 0.00211 31 
58167.43511 0.987266780367 0.00211 31 
58167.4354687 0.985229794006 0.00211 31 
58167.4358391 0.990932512733 0.00211 31 
58167.4361979 0.990434611097 0.00211 31 
58167.4365683 0.986518011077 0.00211 31 
58167.4369271 0.987429835569 0.00211 31 
58167.4372859 0.986736649611 0.00211 31 
58167.4376562 0.985895422859 0.00211 31 
58167.4380151 0.992513536941 0.00211 31 
58167.4383854 0.991133241105 0.00211 31 
58167.4387442 0.989850889157 0.00211 31 
58167.439103 0.987259274495 0.00211 31 
58167.4394734 0.987456985219 0.00211 31 
58167.4398322 0.989446191998 0.00211 31 
58167.4402025 0.986172197451 0.00211 31 
58167.4405613 0.987737622975 0.00211 31 
58167.4409317 0.990679948615 0.00211 31 
58167.4412905 0.991521930101 0.00211 31 
58167.4416493 0.98622647916 0.00211 31 
58167.4420197 0.989124655748 0.00211 31 
58167.4423785 0.987873776361 0.00211 31 
58167.4427489 0.989091329079 0.00211 31 
58167.4431076 0.98846013604 0.00211 31 
58167.4434664 0.991301407981 0.00211 31 
58167.4438368 0.987538709089 0.00211 31 
58167.4441956 0.98852253962 0.00211 31 
58167.444566 0.988124097028 0.00211 31 
58167.4449248 0.986039773966 0.00211 31 
58167.4452836 0.995312939207 0.00211 31 
58167.4456539 0.987532542058 0.00211 31 
58167.4460127 0.98680249369 0.00211 31 
58167.4463831 0.985618160593 0.00211 31 
58167.4467419 0.988629113094 0.00211 31 
58167.4471007 0.986714509396 0.00211 31 
58167.4474711 0.985992023325 0.00211 31 
58167.4478299 0.991260311925 0.00211 31 
58167.4482002 0.986368307681 0.00211 31 
58167.448559 0.988394999751 0.00211 31 
58167.4489178 0.9876880874 0.00211 31 
58167.4492882 0.98908836823 0.00211 31 
58167.449647 0.987992658238 0.00211 31 
58167.4500174 0.987120566424 0.00211 31 
58167.4503762 0.987140025694 0.00211 31 
58167.450735 0.988576422013 0.00211 31 
58167.4511053 0.988841888081 0.00211 31 
58167.4514641 0.987194551127 0.00211 31 
58167.4518345 0.985465085806 0.00211 31 
58167.4521933 0.986534837524 0.00211 31 
58167.4525521 0.992383977496 0.00211 31 
58167.4529224 0.989122686122 0.00211 31 
58167.4532812 0.991570298522 0.00211 31 
58167.4536516 0.988699422145 0.00211 31 
58167.4540104 0.987169463378 0.00211 31 
58167.4543692 0.989070790299 0.00211 31 
58167.4547396 0.987516669654 0.00211 31 
58167.4550984 0.988792001 0.00211 31 
58167.4554688 0.987357921664 0.00211 31 
58167.4558275 0.989533194213 0.00211 31 
58167.4561863 0.986760788724 0.00211 31 
58167.4565567 0.989824358243 0.00211 31 
58167.4569155 0.991476894429 0.00211 31 
58167.4572859 0.989965992931 0.00211 31 
58167.4576447 0.990365184049 0.00211 31 
58167.458015 0.989044694901 0.00211 31 
58167.4583739 0.989914262876 0.00211 31 
58167.4587442 0.991383905929 0.00211 31 
58167.459103 0.98872174013 0.00211 31 
58167.4594734 0.99061947485 0.00211 31 
58167.4598322 0.990139607028 0.00211 31 
58167.4602026 0.997933506732 0.00211 31 
58167.4605613 0.985981712081 0.00211 31 
58167.4609201 0.989715503555 0.00211 31 
58167.4612905 0.987775348615 0.00211 31 
58167.4616493 0.988214386918 0.00211 31 
58167.4620197 0.989222789923 0.00211 31 
58167.4623785 0.990691570506 0.00211 31 
58167.4627373 0.988192518408 0.00211 31 
58167.4631076 0.986507580664 0.00211 31 
58167.4634664 0.98782385933 0.00211 31 
58167.4638368 0.992238992036 0.00211 31 
58167.4641956 0.984961653955 0.00211 31 
58167.464566 0.989241089718 0.00211 31 
58167.4649248 0.985993918465 0.00211 31 
58167.4652836 0.989221399985 0.00211 31 
58167.4656539 0.989085896666 0.00211 31 
58167.4660127 0.992589270363 0.00211 31 
58167.4663831 0.991655159012 0.00211 31 
58167.4667419 0.99053915698 0.00211 31 
58167.4671007 0.98672948082 0.00211 31 
58167.4674711 0.993023025698 0.00211 31 
58167.4678299 0.990084714647 0.00211 31 
58167.4682002 0.992341315297 0.00211 31 
58167.468559 0.997680788182 0.00211 31 
58167.4689178 0.987474168908 0.00211 31 
58167.4692882 0.98672287766 0.00211 31 
58167.469647 0.992487650972 0.00211 31 
58167.4700174 0.989203612535 0.00211 31 
58167.4703761 0.984168446748 0.00211 31 
58167.470735 0.988585445196 0.00211 31 
58167.4711053 0.987594559404 0.00211 31 
58167.4714641 0.988439720877 0.00211 31 
58167.4718345 0.98585783402 0.00211 31 
58167.4721933 0.986274262102 0.00211 31 
58167.4725637 0.98876372436 0.00211 31 
58167.4729225 0.985202148983 0.00211 31 
58167.4732812 0.988924223011 0.00211 31 
58167.4736516 0.989989727029 0.00211 31 
58167.4740104 0.98816394639 0.00211 31 
58167.4743808 0.988692174572 0.00211 31 
58167.4747396 0.98942097591 0.00211 31 
58167.4750984 0.986787669422 0.00211 31 
58167.4754687 0.991097559474 0.00211 31 
58167.4758276 0.989770736445 0.00211 31 
58167.4761979 0.988226460371 0.00211 31 
58167.4765567 0.992937389673 0.00211 31 
58167.4769271 0.98845790465 0.00211 31 
58167.4772859 0.992887283657 0.00211 31 
58167.4776447 0.987068466745 0.00211 31 
58167.478015 0.99246594403 0.00211 31 
58167.4783738 0.993596932528 0.00211 31 
58167.4787442 0.991415120432 0.00211 31 
58167.479103 0.988636805392 0.00211 31 
58167.4794734 0.98899910398 0.00211 31 
58167.4798322 0.991875829044 0.00211 31 
58167.480191 0.984631618472 0.00211 31 
58167.4805613 0.989154076849 0.00211 31 
58167.4809201 0.988208737266 0.00211 31 
58167.4812789 0.989576178637 0.00211 31 
58167.4816493 0.986110570533 0.00211 31 
58167.4820081 0.989154118003 0.00211 31 
58167.4823785 0.993562450314 0.00211 31 
58167.4827373 0.98790394066 0.00211 31 
58167.4831076 0.992026246947 0.00211 31 
58167.4834664 0.991969982291 0.00211 31 
58167.4838252 0.982900307546 0.00211 31 
58167.4841956 0.989839700921 0.00211 31 
58167.4845544 0.987981467261 0.00211 31 
58167.4849248 0.98970036799 0.00211 31 
58167.4852836 0.987210902573 0.00211 31 
58167.4856424 0.98778247242 0.00211 31 
58167.4860127 0.990514488484 0.00211 31 
58167.4863715 0.991014323839 0.00211 31 
58167.4867419 0.988206218104 0.00211 31 
58167.4871007 0.988126872475 0.00211 31 
58167.4874595 0.987083326245 0.00211 31 
58167.4878298 0.987912645701 0.00211 31 
58167.4881887 0.9842539651 0.00211 31 
58167.488559 0.986870460655 0.00211 31 
58167.4889178 0.986312986235 0.00211 31 
58167.4892766 0.98299768375 0.00211 31 
58167.489647 0.988689481981 0.00211 31 
58167.4900058 0.989212556213 0.00211 31 
58167.4903762 0.989136012802 0.00211 31 
58167.4907349 0.988007113733 0.00211 31 
58167.4911053 0.986929844809 0.00211 31 
58167.4914641 0.98775424759 0.00211 31 
58167.4918229 0.988630549178 0.00211 31 
58167.4921933 0.99037703341 0.00211 31 
58167.4925521 0.990113426901 0.00211 31 
58167.4929225 0.988695283534 0.00211 31 
58167.4932813 0.987832203926 0.00211 31 
58167.49364 0.992330633929 0.00211 31 
58167.4940104 0.988909926024 0.00211 31 
58167.4943692 0.990724530955 0.00211 31 
58167.4947396 0.989824508197 0.00211 31 
58167.4950984 0.991654091251 0.00211 31 
58167.4954572 0.992254797844 0.00211 31 
58167.4958275 0.998772721452 0.00211 31 
58167.4961863 0.993757708157 0.00211 31 
58167.4965567 0.991086565564 0.00211 31 
58167.4969155 0.992472228654 0.00211 31 
58167.4972859 0.994362211059 0.00211 31 
58167.4976447 0.992825662485 0.00211 31 
58167.4980035 0.992068260408 0.00211 31 
58167.4983738 0.990410172964 0.00211 31 
58167.4987326 0.993414320561 0.00211 31 
58167.499103 0.991838455003 0.00211 31 
58167.4994618 0.982386472055 0.00211 31 
58167.4998322 0.991773844184 0.00211 31 
58167.500191 0.987226731088 0.00211 31 
58167.5005613 0.990041580541 0.00211 31 
58167.5009317 0.990137106955 0.00211 31 
58167.5012905 0.994061121688 0.00211 31 
58167.5016609 0.9901331648 0.00211 31 
58167.5020197 0.988568025949 0.00211 31 
58167.50239 0.989010393554 0.00211 31 
58167.5027488 0.987224156062 0.00211 31 
58167.5031076 0.992025353211 0.00211 31 
58167.503478 0.988848900961 0.00211 31 
58167.5042072 0.988330269097 0.00211 31 
58167.504566 0.987187573558 0.00211 31 
58167.5049248 0.987178536886 0.00211 31 
58167.5052951 0.988839444862 0.00211 31 
58167.5056539 0.986536991735 0.00211 31 
58167.5060243 0.990677227034 0.00211 31 
58167.5063831 0.991432932779 0.00211 31 
58167.5067419 0.9822482558 0.00211 31 
58167.5071123 0.988195502156 0.00211 31 
58167.5074711 0.986588072953 0.00211 31 
58167.5078414 0.994039822142 0.00211 31 
58167.5082002 0.992762661227 0.00211 31 
58167.5085706 0.989573207358 0.00211 31 
58167.5089294 0.990398021007 0.00211 31 
58167.5092882 0.982080988271 0.00211 31 
58167.5096586 0.992943072286 0.00211 31 
58167.5100173 0.986816362581 0.00211 31 
58167.5103877 0.988866794582 0.00211 31 
58188.3454572 0.998332018025 0.00363 12 
58188.3456076 0.999328171022 0.00363 12 
58188.3457581 1.00171494836 0.00363 12 
58188.3459086 0.99996151405 0.00363 12 
58188.346059 1.00228770994 0.00363 12 
58188.3462095 0.999677253576 0.00363 12 
58188.3463715 1.00648805689 0.00363 12 
58188.346522 1.00020984801 0.00363 12 
58188.3466724 0.993608085217 0.00363 12 
58188.3468345 0.99869866569 0.00363 12 
58188.3469849 0.99156963904 0.00363 12 
58188.3471354 0.994736453917 0.00363 12 
58188.3472975 1.00161174799 0.00363 12 
58188.3474479 1.00319782439 0.00363 12 
58188.3475984 0.997803921511 0.00363 12 
58188.3477488 0.998571662321 0.00363 12 
58188.3479109 1.0069142861 0.00363 12 
58188.3480613 0.996005927676 0.00363 12 
58188.3482118 1.00224617958 0.00363 12 
58188.3483739 0.998600991117 0.00363 12 
58188.3485243 0.999763304468 0.00363 12 
58188.3486748 1.00109192156 0.00363 12 
58188.3488368 1.00391242701 0.00363 12 
58188.3489873 1.00867540061 0.00363 12 
58188.3491377 1.00203260533 0.00363 12 
58188.3492882 1.00450842112 0.00363 12 
58188.3494387 1.00054564898 0.00363 12 
58188.3496007 0.999478402745 0.00363 12 
58188.3497512 1.00198543749 0.00363 12 
58188.3499016 0.992999353274 0.00363 12 
58188.3500521 0.999266098084 0.00363 12 
58188.3502026 1.00225678318 0.00363 12 
58188.350353 1.00289653141 0.00363 12 
58188.3505035 1.00407904434 0.00363 12 
58188.3506655 0.998902314573 0.00363 12 
58188.350816 1.00452773809 0.00363 12 
58188.3509664 1.00653048907 0.00363 12 
58188.3511169 1.00021438499 0.00363 12 
58188.3512674 0.994154644859 0.00363 12 
58188.3514178 0.997099036166 0.00363 12 
58188.3515683 0.996952070278 0.00363 12 
58188.3517303 0.999271683177 0.00363 12 
58188.3518808 1.00194044096 0.00363 12 
58188.3520428 1.00201512072 0.00363 12 
58188.3521933 1.00044348686 0.00363 12 
58188.3523438 1.00657006146 0.00363 12 
58188.3525058 1.00445094988 0.00363 12 
58188.3526562 0.998400458101 0.00363 12 
58188.3528067 1.00336041244 0.00363 12 
58188.3529572 1.00077257322 0.00363 12 
58188.3531192 1.00039122708 0.00363 12 
58188.3532697 0.996430644789 0.00363 12 
58188.3534201 1.0053997956 0.00363 12 
58188.3535822 0.9998651692 0.00363 12 
58188.3537326 1.001312362 0.00363 12 
58188.3538831 0.994588641341 0.00363 12 
58188.3540336 0.999601368458 0.00363 12 
58188.3541956 1.00583121076 0.00363 12 
58188.3543461 1.00197639641 0.00363 12 
58188.3544965 1.00131552347 0.00363 12 
58188.354647 1.00625513089 0.00363 12 
58188.3547974 1.00526641604 0.00363 12 
58188.3549595 0.994862277525 0.00363 12 
58188.35511 1.00453615432 0.00363 12 
58188.3552604 0.993890993219 0.00363 12 
58188.3554109 0.995081093063 0.00363 12 
58188.3555613 1.00285817145 0.00363 12 
58188.3557118 0.992447757425 0.00363 12 
58188.3558623 1.00051731466 0.00363 12 
58188.3560127 0.995873969553 0.00363 12 
58188.3561748 1.0024918331 0.00363 12 
58188.3563252 1.00332207832 0.00363 12 
58188.3564757 0.995789473646 0.00363 12 
58188.3566261 0.997001675279 0.00363 12 
58188.3567882 0.99845015321 0.00363 12 
58188.3569387 0.992881144498 0.00363 12 
58188.3570891 0.999857566338 0.00363 12 
58188.3572512 0.997753865767 0.00363 12 
58188.3574016 0.998835653517 0.00363 12 
58188.3575521 1.00325118589 0.00363 12 
58188.3577141 0.995571788998 0.00363 12 
58188.3578646 1.00013306101 0.00363 12 
58188.3580151 1.00190352901 0.00363 12 
58188.3581655 1.00204411889 0.00363 12 
58188.358316 0.997848495712 0.00363 12 
58188.3584664 1.00379589148 0.00363 12 
58188.3586285 0.996122180222 0.00363 12 
58188.3587789 0.995117859708 0.00363 12 
58188.3589294 1.00037957833 0.00363 12 
58188.3590914 0.998421589887 0.00363 12 
58188.3592419 0.998722183476 0.00363 12 
58188.3593924 1.00134678124 0.00363 12 
58188.3595544 0.999614983794 0.00363 12 
58188.3597048 1.00058601335 0.00363 12 
58188.3598553 1.00469932032 0.00363 12 
58188.3600174 1.00107682101 0.00363 12 
58188.3601678 1.00370180735 0.00363 12 
58188.3603183 0.993038710995 0.00363 12 
58188.3604687 1.00128493506 0.00363 12 
58188.3606308 0.997190117721 0.00363 12 
58188.3607812 0.995370749207 0.00363 12 
58188.3609317 0.994004508669 0.00363 12 
58188.3610938 0.997374540488 0.00363 12 
58188.3612442 0.998296907518 0.00363 12 
58188.3613947 1.00285402723 0.00363 12 
58188.3615567 0.996477335685 0.00363 12 
58188.3617072 0.995819418116 0.00363 12 
58188.3618576 1.00136754795 0.00363 12 
58188.3620081 1.00011153883 0.00363 12 
58188.3621586 0.999484091664 0.00363 12 
58188.362309 1.00070862291 0.00363 12 
58188.3624711 0.998660228265 0.00363 12 
58188.3626215 0.999693130928 0.00363 12 
58188.362772 1.00191081102 0.00363 12 
58188.3629225 1.00214666411 0.00363 12 
58188.3630729 1.00115003979 0.00363 12 
58188.3632234 1.00362996146 0.00363 12 
58188.3633738 0.999151859206 0.00363 12 
58188.3635243 1.00492308055 0.00363 12 
58188.3636748 1.00845082463 0.00363 12 
58188.3638368 0.996936863792 0.00363 12 
58188.3639873 1.00071208421 0.00363 12 
58188.3641377 0.999005388957 0.00363 12 
58188.3642882 1.00128575738 0.00363 12 
58188.3644386 0.999720759985 0.00363 12 
58188.3645891 0.997143441576 0.00363 12 
58188.3647396 1.00056396605 0.00363 12 
58188.36489 0.997520993457 0.00363 12 
58188.3650521 1.00193506853 0.00363 12 
58188.3652025 0.995912732459 0.00363 12 
58188.365353 1.00019464197 0.00363 12 
58188.3655035 1.00302646688 0.00363 12 
58188.3656655 0.997866615453 0.00363 12 
58188.365816 0.998396206758 0.00363 12 
58188.3659664 0.994086066706 0.00363 12 
58188.3661169 1.00057191734 0.00363 12 
58188.3662789 0.997795956785 0.00363 12 
58188.3664294 0.999529285842 0.00363 12 
58188.3665799 1.00197732935 0.00363 12 
58188.3667303 1.00075563631 0.00363 12 
58188.3668808 1.0079569652 0.00363 12 
58188.3670312 0.995254025499 0.00363 12 
58188.3671933 1.0022677105 0.00363 12 
58188.3673437 0.99910239295 0.00363 12 
58188.3674942 1.006201779 0.00363 12 
58188.3676447 1.00350569103 0.00363 12 
58188.3678067 0.998675956864 0.00363 12 
58188.3679572 1.00159314479 0.00363 12 
58188.3681076 0.994716197552 0.00363 12 
58188.3682697 1.00351503024 0.00363 12 
58188.3684201 1.00179283624 0.00363 12 
58188.3685706 1.00114785504 0.00363 12 
58188.3687211 0.994599126268 0.00363 12 
58188.3688831 0.995600784446 0.00363 12 
58188.3690336 1.0006544078 0.00363 12 
58188.369184 0.997835334554 0.00363 12 
58188.3693461 0.999975418247 0.00363 12 
58188.3694965 1.00564059676 0.00363 12 
58188.369647 0.999586956188 0.00363 12 
58188.369809 0.999116148911 0.00363 12 
58188.3699595 1.00180447697 0.00363 12 
58188.3701099 1.00044509393 0.00363 12 
58188.3702604 0.999406669112 0.00363 12 
58188.3704224 1.00077064461 0.00363 12 
58188.3705729 0.99540036875 0.00363 12 
58188.3707234 1.00395672202 0.00363 12 
58188.3708854 1.00558728249 0.00363 12 
58188.3710359 1.00445155549 0.00363 12 
58188.3711863 0.999359486101 0.00363 12 
58188.3713484 0.998185644729 0.00363 12 
58188.3714988 0.996751277575 0.00363 12 
58188.3716493 0.99472723285 0.00363 12 
58188.3717998 1.00112192884 0.00363 12 
58188.3719618 0.999797671055 0.00363 12 
58188.3721123 0.996214523025 0.00363 12 
58188.3722627 0.998078664163 0.00363 12 
58188.3724248 0.99196781413 0.00363 12 
58188.3725752 0.995882191436 0.00363 12 
58188.3727257 0.998025902877 0.00363 12 
58188.3728762 0.998043791703 0.00363 12 
58188.3730382 1.00018690022 0.00363 12 
58188.3731887 0.999744505879 0.00363 12 
58188.3733391 0.994950703624 0.00363 12 
58188.3735011 1.00500326195 0.00363 12 
58188.3736516 0.99765253579 0.00363 12 
58188.3738021 0.999607281996 0.00363 12 
58188.3739641 1.00660845046 0.00363 12 
58188.3741146 1.00877191691 0.00363 12 
58188.374265 0.997456803937 0.00363 12 
58188.3744155 1.00270910095 0.00363 12 
58188.3745775 1.00113422127 0.00363 12 
58188.374728 0.9956382203 0.00363 12 
58188.3748901 1.0041285702 0.00363 12 
58188.3750405 0.995464654634 0.00363 12 
58188.375191 1.00030678071 0.00363 12 
58188.3753414 0.996125263647 0.00363 12 
58188.3755035 1.00104984035 0.00363 12 
58188.3756539 1.00366596172 0.00363 12 
58188.3758044 0.999742878154 0.00363 12 
58188.3759664 0.996063580186 0.00363 12 
58188.3761169 0.999822518421 0.00363 12 
58188.3762674 1.00352496967 0.00363 12 
58188.3764294 0.997502559119 0.00363 12 
58188.3765799 1.00154638348 0.00363 12 
58188.3767303 1.00285119625 0.00363 12 
58188.3768924 1.00217891605 0.00363 12 
58188.3770428 1.00611197887 0.00363 12 
58188.3771933 0.998934982784 0.00363 12 
58188.3773553 1.00257079029 0.00363 12 
58188.3775058 1.00405411015 0.00363 12 
58188.3776562 1.00141112052 0.00363 12 
58188.3778183 0.999958252325 0.00363 12 
58188.3779688 0.997120336228 0.00363 12 
58188.3781192 0.999301985999 0.00363 12 
58188.3782813 1.00066116454 0.00363 12 
58188.3784317 1.00302956426 0.00363 12 
58188.3785822 1.00557052373 0.00363 12 
58188.3787326 1.00139393587 0.00363 12 
58188.3788831 0.996289602944 0.00363 12 
58188.3790452 1.00022268453 0.00363 12 
58188.3791956 1.00264145713 0.00363 12 
58188.3793461 1.00290188999 0.00363 12 
58188.3794965 1.00157180452 0.00363 12 
58188.379647 1.00106495766 0.00363 12 
58188.3797975 0.995931528919 0.00363 12 
58188.3799479 1.00159881654 0.00363 12 
58188.38011 1.00725761475 0.00363 12 
58188.3802604 1.001012269 0.00363 12 
58188.3804109 1.00422021548 0.00363 12 
58188.3805613 0.99681406947 0.00363 12 
58188.3807118 1.00244295343 0.00363 12 
58188.3808623 0.991262642645 0.00363 12 
58188.3810127 0.996939107283 0.00363 12 
58188.3811632 1.00109645812 0.00363 12 
58188.3813136 0.997290436506 0.00363 12 
58188.3814641 0.992487586585 0.00363 12 
58188.3816262 0.998434578785 0.00363 12 
58188.3817766 1.0058373097 0.00363 12 
58188.3819271 1.00453302102 0.00363 12 
58188.3820775 0.998012645906 0.00363 12 
58188.382228 1.00255333805 0.00363 12 
58188.3823785 0.999183405305 0.00363 12 
58188.3825289 0.9968181565 0.00363 12 
58188.382691 0.99619634495 0.00363 12 
58188.3828414 0.994756498257 0.00363 12 
58188.3829919 1.00253975118 0.00363 12 
58188.3831423 1.00498124043 0.00363 12 
58188.3833044 0.999889778238 0.00363 12 
58188.3834549 0.997524245564 0.00363 12 
58188.3836053 0.999493245453 0.00363 12 
58188.3837674 0.998141255108 0.00363 12 
58188.3839178 0.999394223047 0.00363 12 
58188.3840683 1.00121845065 0.00363 12 
58188.3842303 1.00295057216 0.00363 12 
58188.3843808 0.998642738474 0.00363 12 
58188.3845313 0.992563765789 0.00363 12 
58188.3846933 0.997860761456 0.00363 12 
58188.3848438 0.999506773941 0.00363 12 
58188.3849942 0.996393613421 0.00363 12 
58188.3851447 1.00305050908 0.00363 12 
58188.3852951 0.995645464136 0.00363 12 
58188.3854572 1.00260645153 0.00363 12 
58188.3856076 0.998552017325 0.00363 12 
58188.3857581 0.991393585656 0.00363 12 
58188.3859201 1.00329413488 0.00363 12 
58188.3860706 0.995162322125 0.00363 12 
58188.3862211 1.00350608445 0.00363 12 
58188.3863831 0.997074076372 0.00363 12 
58188.3865336 1.00475666385 0.00363 12 
58188.386684 1.00327974256 0.00363 12 
58188.3868345 0.997240481876 0.00363 12 
58188.3869965 0.99958275453 0.00363 12 
58188.387147 1.00152849649 0.00363 12 
58188.3872974 0.995238885936 0.00363 12 
58188.3874595 0.9937712704 0.00363 12 
58188.38761 1.00096633283 0.00363 12 
58188.3877604 0.99532512936 0.00363 12 
58188.3879225 1.00266147663 0.00363 12 
58188.3880729 1.00251934913 0.00363 12 
58188.3882234 0.998703801326 0.00363 12 
58188.3883854 0.996782425226 0.00363 12 
58188.3885359 0.999564463518 0.00363 12 
58188.3886864 0.993828981427 0.00363 12 
58188.3888368 0.997011457364 0.00363 12 
58188.3889988 0.996539595876 0.00363 12 
58188.3891493 0.995583691388 0.00363 12 
58188.3892998 1.00136973907 0.00363 12 
58188.3894618 0.998458360244 0.00363 12 
58188.3896123 0.995025882351 0.00363 12 
58188.3897627 0.999462706094 0.00363 12 
58188.3899132 0.995073394593 0.00363 12 
58188.3900752 0.999794948431 0.00363 12 
58188.3902257 0.989468015766 0.00363 12 
58188.3903761 0.99621001862 0.00363 12 
58188.3905382 0.998783372289 0.00363 12 
58188.3906887 1.00478368685 0.00363 12 
58188.3908391 1.00023213176 0.00363 12 
58188.3910012 0.990566808183 0.00363 12 
58188.3911516 0.994957138375 0.00363 12 
58188.3913021 0.997617667989 0.00363 12 
58188.3914525 1.00095489205 0.00363 12 
58188.3916146 0.997316436661 0.00363 12 
58188.3917651 0.99697137711 0.00363 12 
58188.3919155 0.992055094274 0.00363 12 
58188.3920776 0.998362770973 0.00363 12 
58188.392228 1.0026559189 0.00363 12 
58188.3923785 0.994695406505 0.00363 12 
58188.3925289 0.996875017301 0.00363 12 
58188.392691 0.995988704325 0.00363 12 
58188.3928414 0.999994203882 0.00363 12 
58188.3929919 1.0003278287 0.00363 12 
58188.3931539 0.998505645689 0.00363 12 
58188.3933044 0.995114921952 0.00363 12 
58188.3934549 0.997451101048 0.00363 12 
58188.3936169 0.992187567497 0.00363 12 
58188.3937674 0.9960206212 0.00363 12 
58188.3939178 1.0019197972 0.00363 12 
58188.3940683 0.994527192419 0.00363 12 
58188.3942303 0.998062246227 0.00363 12 
58188.3943808 0.997534281949 0.00363 12 
58188.3945312 0.995362204606 0.00363 12 
58188.3946933 0.988492285684 0.00363 12 
58188.3948438 0.993126795073 0.00363 12 
58188.3949942 0.999651124797 0.00363 12 
58188.3951563 0.99274778692 0.00363 12 
58188.3953067 0.996033518193 0.00363 12 
58188.3954572 0.992339895428 0.00363 12 
58188.3956192 0.995612400458 0.00363 12 
58188.3957697 0.991301840633 0.00363 12 
58188.3959202 0.998646249226 0.00363 12 
58188.3960706 0.997042119191 0.00363 12 
58188.3962326 1.00316327546 0.00363 12 
58188.3963831 0.992601089857 0.00363 12 
58188.3965336 0.991082804618 0.00363 12 
58188.396684 0.999229970398 0.00363 12 
58188.3968461 0.994434435557 0.00363 12 
58188.3969965 0.994007028432 0.00363 12 
58188.397147 0.994276367673 0.00363 12 
58188.397309 0.991462732336 0.00363 12 
58188.3974595 0.993961252176 0.00363 12 
58188.3976099 0.997992561744 0.00363 12 
58188.397772 0.992350896267 0.00363 12 
58188.3979225 0.994097057192 0.00363 12 
58188.3980729 0.990809184749 0.00363 12 
58188.3982234 0.988278449877 0.00363 12 
58188.3983738 0.996005494196 0.00363 12 
58188.3985359 0.992529752983 0.00363 12 
58188.3986863 0.996579802487 0.00363 12 
58188.3988368 0.999956500755 0.00363 12 
58188.3989873 0.991289730832 0.00363 12 
58188.3991377 0.995874343341 0.00363 12 
58188.3992882 0.993318888314 0.00363 12 
58188.3994386 0.989536658858 0.00363 12 
58188.3996007 0.991250375663 0.00363 12 
58188.3997512 0.997395388389 0.00363 12 
58188.3999016 0.995436804447 0.00363 12 
58188.4000521 0.997067449653 0.00363 12 
58188.4002025 0.99580889506 0.00363 12 
58188.400353 0.99000406219 0.00363 12 
58188.4005035 0.990648094586 0.00363 12 
58188.4006539 0.991527115331 0.00363 12 
58188.4008044 0.992344540458 0.00363 12 
58188.4009664 0.990479141515 0.00363 12 
58188.4011169 0.992789807267 0.00363 12 
58188.4012674 0.993877558225 0.00363 12 
58188.4014178 0.989832196652 0.00363 12 
58188.4015683 0.987205349483 0.00363 12 
58188.4017303 0.987499522643 0.00363 12 
58188.4018808 0.992190217229 0.00363 12 
58188.4020312 0.998292795203 0.00363 12 
58188.4021817 0.985913548083 0.00363 12 
58188.4023322 0.993450850536 0.00363 12 
58188.4024942 0.98732108241 0.00363 12 
58188.4026447 0.995219867064 0.00363 12 
58188.4027951 0.993640559196 0.00363 12 
58188.4029456 0.987207778767 0.00363 12 
58188.4030961 0.996015674015 0.00363 12 
58188.4032465 0.989301680396 0.00363 12 
58188.4034086 0.995240469797 0.00363 12 
58188.403559 0.993043487784 0.00363 12 
58188.4037095 0.993552521949 0.00363 12 
58188.40386 0.989575504675 0.00363 12 
58188.404022 0.989540610285 0.00363 12 
58188.4041724 0.994993965076 0.00363 12 
58188.4043229 0.989365284885 0.00363 12 
58188.4044734 0.994161266005 0.00363 12 
58188.4046354 0.993680209156 0.00363 12 
58188.4047859 0.988602274966 0.00363 12 
58188.4049363 0.98893814492 0.00363 12 
58188.4050868 0.99266105234 0.00363 12 
58188.4052373 0.989710367539 0.00363 12 
58188.4053877 0.990463245356 0.00363 12 
58188.4055382 0.986098686206 0.00363 12 
58188.4056887 0.987912651646 0.00363 12 
58188.4058507 0.992341439443 0.00363 12 
58188.4060011 0.992111078137 0.00363 12 
58188.4061516 0.994830821783 0.00363 12 
58188.4063021 0.99346336743 0.00363 12 
58188.4064526 0.99100743463 0.00363 12 
58188.406603 0.999786556927 0.00363 12 
58188.406765 0.990407274849 0.00363 12 
58188.4069155 0.993026104407 0.00363 12 
58188.407066 0.994440771926 0.00363 12 
58188.4072164 0.992737125818 0.00363 12 
58188.4073669 0.992052028706 0.00363 12 
58188.4075174 0.990118261824 0.00363 12 
58188.4076794 0.993989680034 0.00363 12 
58188.4078299 0.987558442376 0.00363 12 
58188.4079803 0.988432103365 0.00363 12 
58188.4081308 0.987564953129 0.00363 12 
58188.4082928 0.989542156975 0.00363 12 
58188.4084433 0.989487739652 0.00363 12 
58188.4085937 0.995083927846 0.00363 12 
58188.4087442 0.993707951184 0.00363 12 
58188.4089062 0.993535637741 0.00363 12 
58188.4090567 0.992161179128 0.00363 12 
58188.4092072 0.991048615739 0.00363 12 
58188.4093692 0.990477257718 0.00363 12 
58188.4095197 0.991419964596 0.00363 12 
58188.4096701 0.996571006089 0.00363 12 
58188.4098206 0.993423558123 0.00363 12 
58188.4099711 0.998179066068 0.00363 12 
58188.4101331 0.992096737254 0.00363 12 
58188.4102836 0.99411263085 0.00363 12 
58188.410434 0.993214343908 0.00363 12 
58188.4105845 0.990579384655 0.00363 12 
58188.4107349 0.99026026624 0.00363 12 
58188.4108854 0.992440635122 0.00363 12 
58188.4110359 0.99090787401 0.00363 12 
58188.4111979 0.990826536943 0.00363 12 
58188.4113484 0.995999980263 0.00363 12 
58188.4114988 0.990163946331 0.00363 12 
58188.4116493 0.993152268406 0.00363 12 
58188.4117998 0.98854767223 0.00363 12 
58188.4119618 0.991781231369 0.00363 12 
58188.4121123 0.984418424997 0.00363 12 
58188.4122627 0.98668487862 0.00363 12 
58188.4124132 0.993614423859 0.00363 12 
58188.4125752 0.994303259975 0.00363 12 
58188.4127257 0.986127417593 0.00363 12 
58188.4128762 0.99051746459 0.00363 12 
58188.4130382 0.992325192002 0.00363 12 
58188.4131887 0.994408865742 0.00363 12 
58188.4133391 0.984717122755 0.00363 12 
58188.4135012 0.984612530325 0.00363 12 
58188.4136516 0.990764877377 0.00363 12 
58188.4138021 0.990607797489 0.00363 12 
58188.4139641 0.993322185165 0.00363 12 
58188.4141146 0.991718952037 0.00363 12 
58188.4142651 0.983696695171 0.00363 12 
58188.4144155 0.994699601802 0.00363 12 
58188.4145775 0.997305522308 0.00363 12 
58188.414728 0.993598964702 0.00363 12 
58188.4148785 0.989312356996 0.00363 12 
58188.4150405 0.988099314808 0.00363 12 
58188.415191 0.993056171398 0.00363 12 
58188.4153414 0.991414723225 0.00363 12 
58188.4154919 0.997626010515 0.00363 12 
58188.4156424 0.996265041167 0.00363 12 
58188.4157928 0.993610717551 0.00363 12 
58188.4159549 0.993556866617 0.00363 12 
58188.4161053 0.998414366845 0.00363 12 
58188.4162558 0.98559158149 0.00363 12 
58188.4164062 0.99273983853 0.00363 12 
58188.4165567 0.998288157506 0.00363 12 
58188.4167187 0.988146383551 0.00363 12 
58188.4168692 0.992639926035 0.00363 12 
58188.4170197 0.985764675269 0.00363 12 
58188.4171701 0.994105411809 0.00363 12 
58188.4173322 0.989416871807 0.00363 12 
58188.4174826 0.990400390229 0.00363 12 
58188.4176331 0.98839250692 0.00363 12 
58188.4177951 0.988641285915 0.00363 12 
58188.4179456 0.994996837496 0.00363 12 
58188.4180961 0.984312652513 0.00363 12 
58188.4182581 0.989893516089 0.00363 12 
58188.4184086 0.991033797304 0.00363 12 
58188.418559 0.993828374457 0.00363 12 
58188.4187095 0.998631971871 0.00363 12 
58188.4188715 0.994270604446 0.00363 12 
58188.419022 0.988576510011 0.00363 12 
58188.4191725 0.989167882486 0.00363 12 
58188.4193345 0.989274478483 0.00363 12 
58188.419485 0.989565342265 0.00363 12 
58188.4196354 0.989526870432 0.00363 12 
58188.4197859 0.992742416088 0.00363 12 
58188.4199479 0.999086440838 0.00363 12 
58188.4200984 0.990553574993 0.00363 12 
58188.4202488 0.994514959415 0.00363 12 
58188.4203993 0.993744112609 0.00363 12 
58188.4205498 0.982312682503 0.00363 12 
58188.4207118 0.992208390349 0.00363 12 
58188.4208623 0.994378372733 0.00363 12 
58188.4210127 0.988475937776 0.00363 12 
58188.4211632 0.985163974611 0.00363 12 
58188.4213137 0.993207107 0.00363 12 
58188.4214641 0.990378060088 0.00363 12 
58188.4216146 0.992107940853 0.00363 12 
58188.4217651 0.98592798583 0.00363 12 
58188.4219271 0.983301211256 0.00363 12 
58188.4220776 0.986947264236 0.00363 12 
58188.422228 0.991205565868 0.00363 12 
58188.4223785 0.991223726207 0.00363 12 
58188.4225405 0.983639912797 0.00363 12 
58188.422691 0.991865381497 0.00363 12 
58188.4228414 0.99054588981 0.00363 12 
58188.4230035 0.989502384932 0.00363 12 
58188.4231539 0.987873285868 0.00363 12 
58188.4233044 0.99834725043 0.00363 12 
58188.4234664 0.992724333594 0.00363 12 
58188.4236169 0.995289304862 0.00363 12 
58188.4237674 0.993826829103 0.00363 12 
58188.4239178 0.98307020788 0.00363 12 
58188.4240683 0.991146037783 0.00363 12 
58188.4242187 0.996121798306 0.00363 12 
58188.4243808 0.987047297636 0.00363 12 
58188.4245312 0.993394870521 0.00363 12 
58188.4246817 0.991514354976 0.00363 12 
58188.4248322 0.98923110563 0.00363 12 
58188.4249826 0.995996139248 0.00363 12 
58188.4251331 0.993857634709 0.00363 12 
58188.4252951 0.984382916385 0.00363 12 
58188.4254456 0.988710091507 0.00363 12 
58188.4255961 0.996940718548 0.00363 12 
58188.4257465 0.993730949642 0.00363 12 
58188.425897 0.983586128032 0.00363 12 
58188.4260475 0.991142812547 0.00363 12 
58188.4262095 0.997378909753 0.00363 12 
58188.4263599 0.991387738949 0.00363 12 
58188.4265104 0.992864808227 0.00363 12 
58188.4266609 0.987910749871 0.00363 12 
58188.4268113 0.990455729641 0.00363 12 
58188.4269618 0.994829590189 0.00363 12 
58188.4271238 0.993311491944 0.00363 12 
58188.4272743 0.998164639514 0.00363 12 
58188.4274248 0.993498860705 0.00363 12 
58188.4275752 0.989056524741 0.00363 12 
58188.4277257 0.993976921537 0.00363 12 
58188.4278762 0.993079419079 0.00363 12 
58188.4280266 0.990399782534 0.00363 12 
58188.4281886 0.988743016246 0.00363 12 
58188.4283391 0.986707384737 0.00363 12 
58188.4284896 0.98511818295 0.00363 12 
58188.42864 0.997694004676 0.00363 12 
58188.4288021 0.986204480637 0.00363 12 
58188.4289525 0.985589962662 0.00363 12 
58188.429103 0.988393510084 0.00363 12 
58188.4292535 0.992434629244 0.00363 12 
58188.4294039 0.988604011637 0.00363 12 
58188.4295544 0.997261938443 0.00363 12 
58188.4297049 0.986293614724 0.00363 12 
58188.4298553 0.988459523679 0.00363 12 
58188.4300173 0.989043137381 0.00363 12 
58188.4301678 0.992730864772 0.00363 12 
58188.4303183 0.989570685025 0.00363 12 
58188.4304688 0.998049812339 0.00363 12 
58188.4306192 0.995098292347 0.00363 12 
58188.4307697 0.9932491983 0.00363 12 
58188.4309201 0.997192284776 0.00363 12 
58188.4310706 0.989066626323 0.00363 12 
58188.4312326 0.987349816659 0.00363 12 
58188.4313831 0.989329899186 0.00363 12 
58188.4315336 0.99223091091 0.00363 12 
58188.431684 0.999811502712 0.00363 12 
58188.4318345 0.997619307674 0.00363 12 
58188.431985 0.991112842616 0.00363 12 
58188.432147 0.989820365741 0.00363 12 
58188.4322975 0.990181339042 0.00363 12 
58188.4324595 0.995359969033 0.00363 12 
58188.4326099 0.986199196137 0.00363 12 
58188.4327604 0.99581617629 0.00363 12 
58188.4329109 0.989600238245 0.00363 12 
58188.4330614 0.995805733555 0.00363 12 
58188.4332234 0.993916139865 0.00363 12 
58188.4333738 0.990071363472 0.00363 12 
58188.4335243 0.989789461068 0.00363 12 
58188.4336748 0.993600024883 0.00363 12 
58188.4338252 0.995261300788 0.00363 12 
58188.4339757 0.990083317406 0.00363 12 
58188.4341377 0.990668635662 0.00363 12 
58188.4342882 0.993149008652 0.00363 12 
58188.4344387 0.995104539512 0.00363 12 
58188.4345891 0.991574266197 0.00363 12 
58188.4347396 0.995240169339 0.00363 12 
58188.4348901 0.991493178267 0.00363 12 
58188.4350521 0.994060600143 0.00363 12 
58188.4352025 1.00040060038 0.00363 12 
58188.435353 0.98987197479 0.00363 12 
58188.435515 0.992375425331 0.00363 12 
58188.4356655 0.993961625872 0.00363 12 
58188.435816 0.992593340833 0.00363 12 
58188.4359664 0.99271232359 0.00363 12 
58188.4361169 0.996408984872 0.00363 12 
58188.4362674 0.992738314845 0.00363 12 
58188.4364294 0.994297793492 0.00363 12 
58188.4365798 0.994623058162 0.00363 12 
58188.4367303 0.984951894839 0.00363 12 
58188.4368808 0.99936455101 0.00363 12 
58188.4370313 0.990326949986 0.00363 12 
58188.4371817 0.995243017577 0.00363 12 
58188.4373322 0.991619221167 0.00363 12 
58188.4374826 0.986543347364 0.00363 12 
58188.4376331 0.983270383392 0.00363 12 
58188.4377951 0.989054957167 0.00363 12 
58188.4379456 0.988760762758 0.00363 12 
58188.4380961 0.991256657327 0.00363 12 
58188.4382465 0.994182489821 0.00363 12 
58188.438397 0.990884189386 0.00363 12 
58188.4385475 0.9922421238 0.00363 12 
58188.4387095 0.994892741173 0.00363 12 
58188.43886 0.991489750797 0.00363 12 
58188.4390104 0.994693501544 0.00363 12 
58188.4391609 0.989544506169 0.00363 12 
58188.4393113 0.991530223746 0.00363 12 
58188.4394618 0.985251766385 0.00363 12 
58188.4396123 0.986601527982 0.00363 12 
58188.4397743 0.989580888037 0.00363 12 
58188.4399248 0.983356077335 0.00363 12 
58188.4400752 0.989951657156 0.00363 12 
58188.4402373 0.996541452228 0.00363 12 
58188.4403877 0.994781479267 0.00363 12 
58188.4405382 0.990498059194 0.00363 12 
58188.4407002 1.00130646918 0.00363 12 
58188.4408507 0.986814880414 0.00363 12 
58188.4410012 0.990413204505 0.00363 12 
58188.4411632 0.997386871436 0.00363 12 
58188.4413136 0.988697179125 0.00363 12 
58188.4414641 0.995044188831 0.00363 12 
58188.4416146 0.991279936878 0.00363 12 
58188.441765 0.991819817938 0.00363 12 
58188.4419271 0.990721022372 0.00363 12 
58188.4420775 0.989417939036 0.00363 12 
58188.442228 0.982101223473 0.00363 12 
58188.4423785 0.991122371047 0.00363 12 
58188.4425289 0.986015147004 0.00363 12 
58188.442691 0.99638955355 0.00363 12 
58188.4428414 0.989799076935 0.00363 12 
58188.4429919 0.995240569325 0.00363 12 
58188.4431423 0.994265099979 0.00363 12 
58188.4432928 0.989599619369 0.00363 12 
58188.4434433 0.988950321334 0.00363 12 
58188.4435938 0.990255115718 0.00363 12 
58188.4437442 0.993542253469 0.00363 12 
58188.4438947 0.987637947299 0.00363 12 
58188.4440452 0.991377711643 0.00363 12 
58188.4442072 0.993775756156 0.00363 12 
58188.4443576 0.992769381655 0.00363 12 
58188.4445081 0.997321648041 0.00363 12 
58188.4446586 0.991036480673 0.00363 12 
58188.444809 0.986624117692 0.00363 12 
58188.4449595 0.995163165084 0.00363 12 
58188.4451215 0.988550687236 0.00363 12 
58188.445272 0.989130724374 0.00363 12 
58188.4454225 0.993145886026 0.00363 12 
58188.4455845 0.991025843022 0.00363 12 
58188.4457349 0.989108875699 0.00363 12 
58188.4458854 0.988061457134 0.00363 12 
58188.4460359 0.988873553165 0.00363 12 
58188.4461863 0.990527255023 0.00363 12 
58188.4463368 0.988384898246 0.00363 12 
58188.4464873 0.991557582193 0.00363 12 
58188.4466493 0.987523135016 0.00363 12 
58188.4467998 0.988876353599 0.00363 12 
58188.4469502 0.995160908422 0.00363 12 
58188.4471007 0.992233052101 0.00363 12 
58188.4472512 0.994422122896 0.00363 12 
58188.4474016 0.990895244346 0.00363 12 
58188.4475521 0.990461433606 0.00363 12 
58188.4477141 0.989057942495 0.00363 12 
58188.4478646 0.986337965282 0.00363 12 
58188.4480151 0.99036182671 0.00363 12 
58188.4481655 0.990586520287 0.00363 12 
58188.4483275 0.998426176551 0.00363 12 
58188.448478 0.987082140767 0.00363 12 
58188.4486285 0.998423966441 0.00363 12 
58188.4487905 0.988636288802 0.00363 12 
58188.448941 0.983740138916 0.00363 12 
58188.4490914 0.984274193647 0.00363 12 
58188.4492535 0.988871574887 0.00363 12 
58188.4494039 0.989120344185 0.00363 12 
58188.4495544 0.993134641201 0.00363 12 
58188.4497164 0.987888002319 0.00363 12 
58188.4498669 0.989666773998 0.00363 12 
58188.4500174 0.998595159876 0.00363 12 
58188.4501678 0.980755855982 0.00363 12 
58188.4503299 0.991060022104 0.00363 12 
58188.4504803 0.995200732819 0.00363 12 
58188.4506308 0.991381062558 0.00363 12 
58188.4507928 0.990355312331 0.00363 12 
58188.4509433 0.990262916355 0.00363 12 
58188.4510938 0.992327071246 0.00363 12 
58188.4512442 0.991691492122 0.00363 12 
58188.4514063 0.990763872086 0.00363 12 
58188.4515567 0.996440702922 0.00363 12 
58188.4517072 0.988707112728 0.00363 12 
58188.4518577 1.00000797135 0.00363 12 
58188.4520197 0.996984314355 0.00363 12 
58188.4521701 0.992935278354 0.00363 12 
58188.4523206 0.995861746353 0.00363 12 
58188.4524826 0.994412266567 0.00363 12 
58188.4526331 0.993772791775 0.00363 12 
58188.4527836 0.99787424132 0.00363 12 
58188.4529456 0.989404290207 0.00363 12 
58188.4530961 0.996385840565 0.00363 12 
58188.4532465 0.98778912361 0.00363 12 
58188.453397 0.990007933993 0.00363 12 
58188.453559 0.996015936088 0.00363 12 
58188.4537095 0.987468811169 0.00363 12 
58188.4538599 0.985326834161 0.00363 12 
58188.4540104 0.993417945178 0.00363 12 
58188.4541609 0.995871131145 0.00363 12 
58188.4543113 0.992289393563 0.00363 12 
58188.4544618 0.987145235773 0.00363 12 
58188.4546238 0.990240682507 0.00363 12 
58188.4547743 0.991383015241 0.00363 12 
58188.4549248 0.992882520694 0.00363 12 
58188.4550752 0.992771143591 0.00363 12 
58188.4552257 0.990831290311 0.00363 12 
58188.4553762 0.991715601713 0.00363 12 
58188.4555382 0.987748112795 0.00363 12 
58188.4557002 0.98658910254 0.00363 12 
58188.4558507 0.999499269474 0.00363 12 
58188.4560012 0.994356231256 0.00363 12 
58188.4561516 0.993754673272 0.00363 12 
58188.4563021 0.992032209007 0.00363 12 
58188.4564641 0.992133905158 0.00363 12 
58188.4566146 0.993083971987 0.00363 12 
58188.4567651 0.985849386851 0.00363 12 
58188.4569271 0.983975902349 0.00363 12 
58188.4570776 0.991712986582 0.00363 12 
58188.457228 0.993742566926 0.00363 12 
58188.45739 0.987826393805 0.00363 12 
58188.4575405 0.994408402908 0.00363 12 
58188.457691 1.00066829495 0.00363 12 
58188.4578414 0.987492769356 0.00363 12 
58188.4580035 0.996382505964 0.00363 12 
58188.4581539 0.994758419076 0.00363 12 
58188.4583044 0.989069212471 0.00363 12 
58188.4584664 0.990311751728 0.00363 12 
58188.4586169 0.993624805292 0.00363 12 
58188.4587673 0.992609563209 0.00363 12 
58188.4589178 0.988868412349 0.00363 12 
58188.4590799 0.987443063326 0.00363 12 
58188.4592303 0.991613198287 0.00363 12 
58188.4593808 0.993910589195 0.00363 12 
58188.4595312 0.988766891003 0.00363 12 
58188.4596817 0.990905329738 0.00363 12 
58188.4598437 0.995926192543 0.00363 12 
58188.4599942 0.988927049876 0.00363 12 
58188.4601447 0.992095968949 0.00363 12 
58188.4603067 0.990764302515 0.00363 12 
58188.4604572 0.987296092379 0.00363 12 
58188.4606076 0.983711467857 0.00363 12 
58188.4607581 0.991706140629 0.00363 12 
58188.4609086 0.990292509498 0.00363 12 
58188.4610706 0.992367690286 0.00363 12 
58188.4612211 0.989954845795 0.00363 12 
58188.4613715 0.988929543591 0.00363 12 
58188.461522 0.987263363929 0.00363 12 
58188.4616724 0.99573277038 0.00363 12 
58188.4618229 0.996956633808 0.00363 12 
58188.461985 0.994279460997 0.00363 12 
58188.4621354 0.994252032839 0.00363 12 
58188.4622859 0.995756736042 0.00363 12 
58188.4624363 0.98776791879 0.00363 12 
58188.4625868 0.988620407675 0.00363 12 
58188.4627373 0.99414105862 0.00363 12 
58188.4628877 0.990361503363 0.00363 12 
58188.4630382 0.98746095318 0.00363 12 
58188.4632002 0.986656361367 0.00363 12 
