58072.785259 1.00353605789 0.00775082308887 333.977576792 
58072.7898638 1.00419078577 0.00775082308887 342.012777627 
58072.7944562 0.999440521775 0.00775082308887 338.03842783 
58072.7991002 1.00658036323 0.00775082308887 343.049585521 
58072.8037646 1.00364484712 0.00775082308887 342.012777627 
58072.8084496 0.998776827745 0.00775082308887 343.999972641 
58072.8130728 1.01005006237 0.00775082308887 338.988774717 
58072.8176978 1.00494214878 0.00775082308887 340.976009965 
58072.8223232 0.999077492498 0.00775082308887 341.062390506 
58072.8269854 0.9956125753 0.00775082308887 343.049625754 
58072.8316382 0.999498502851 0.00775082308887 340.025582612 
58072.8362704 0.996059089356 0.00775082308887 340.975969732 
58072.8409048 0.996813839577 0.00775082308887 341.062390506 
58072.8455622 0.991912944332 0.00775082308887 338.988774717 
58072.8501946 1.0006716732 0.00775082308887 339.075195491 
58072.8548126 0.994683682604 0.00775082308887 340.025582612 
58072.859417 0.993338163004 0.00775082308887 335.014384687 
58072.8639728 0.99331186231 0.00775082308887 335.96481204 
58072.8685726 0.994516713046 0.00775082308887 337.001579702 
58072.8731724 0.992988284074 0.00775082308887 339.075195491 
58072.8777952 0.988461376729 0.00775082308887 340.025622845 
58072.8824226 0.993168603227 0.00775082308887 342.012777627 
58072.8870248 0.994410115536 0.00775082308887 337.001579702 
58072.8916452 0.994134356744 0.00775082308887 337.001619935 
58072.896215 0.992640596868 0.00775082308887 337.001579702 
58072.9007982 0.992124943866 0.00775082308887 338.988774717 
58072.9054166 0.992816532572 0.00775082308887 339.075195491 
58072.9099956 0.990299635847 0.00775082308887 334.063997567 
58072.9145164 0.994895881386 0.00775082308887 331.99042201 
58072.919035 0.991400877788 0.00775082308887 334.063997567 
58072.9238592 0.990119316694 0.00775082308887 354.022408724 
58072.928832 0.988995360518 0.00775082308887 356.959990859 
58072.9334872 0.993114208609 0.00775082308887 335.96481204 
58072.9380892 0.998213355299 0.00775082308887 340.976009965 
58072.942689 0.991239287918 0.00775082308887 337.001579702 
58072.9472886 0.992082105614 0.00775082308887 341.062390506 
58072.9518696 0.993450737945 0.00775082308887 337.001619935 
58072.956467 0.993817552928 0.00775082308887 336.051192582 
58072.961081 0.995273057249 0.00775082308887 340.976009965 
58072.9656712 0.996068453997 0.00775082308887 335.96481204 
58072.9702432 0.982512438674 0.00775082308887 337.001579702 
58072.97482 0.992998644954 0.00775082308887 337.001579702 
58072.9793846 0.996217690511 0.00775082308887 335.01442492 
58072.9840282 1.00599875924 0.00775082308887 343.049585521 
58072.988635 0.990582368308 0.00775082308887 336.051192582 
58072.9932348 0.984344122619 0.00775082308887 333.977617025 
58072.9978484 1.0019958733 0.00775082308887 340.975969732 
58073.002469 1.00130508159 0.00775082308887 338.038387597 
58073.0070662 0.999376563269 0.00775082308887 340.025582612 
58073.011731 0.995530086759 0.00775082308887 343.049585521 
58073.016407 1.00118154802 0.00775082308887 343.049625754 
58073.0210852 0.990182677457 0.00775082308887 342.96320498 
58080.6613238 0.99102041858 0.00257571453818 339.93920207 
58080.6659814 0.995954556015 0.00257571453818 340.975969732 
58080.6705928 0.998399619559 0.00257571453818 337.001619935 
58080.6751924 0.995808784187 0.00257571453818 338.98881495 
58080.6798312 0.998465336367 0.00257571453818 344.950399995 
58080.6844636 0.99947498551 0.00257571453818 338.98881495 
58080.689107 0.999178662448 0.00257571453818 339.93920207 
58080.6937138 1.00383499701 0.00257571453818 338.98881495 
58080.698309 0.994890342008 0.00257571453818 340.025622845 
58080.7029316 0.99522450202 0.00257571453818 340.025582612 
58080.7075382 0.989281711152 0.00257571453818 338.98881495 
58080.712131 0.989333288889 0.00257571453818 337.001579702 
58080.7167308 0.993101649977 0.00257571453818 340.025582612 
58080.7213812 0.990686059426 0.00257571453818 342.01281786 
58080.7259902 0.992434723946 0.00257571453818 337.001619935 
58080.730613 0.993201220899 0.00257571453818 342.01281786 
58080.7352452 0.991979286552 0.00257571453818 338.98881495 
58080.7398888 0.99305325851 0.00257571453818 340.976009965 
58080.7445044 0.992103551062 0.00257571453818 338.988774717 
58080.7491434 1.00264452708 0.00257571453818 343.049585521 
58080.7537572 0.992290943536 0.00257571453818 337.001619935 
58080.7583844 0.988766132921 0.00257571453818 342.963164747 
58080.7630444 0.997155978752 0.00257571453818 340.976009965 
58080.767702 0.990170481195 0.00257571453818 342.96320498 
58080.7723596 0.990851745439 0.00257571453818 341.062390506 
58080.7769916 0.992352677507 0.00257571453818 338.98881495 
58080.7816556 0.993723171668 0.00257571453818 344.000012875 
58080.7863182 0.99365088318 0.00257571453818 340.025622845 
58080.790934 0.989142511004 0.00257571453818 336.051192582 
58080.7955524 0.993522834975 0.00257571453818 341.062430739 
58080.8002098 0.990949324942 0.00257571453818 338.988774717 
58080.8048022 0.992270631068 0.00257571453818 336.051232815 
58080.8094044 0.993511683032 0.00257571453818 338.038387597 
58080.8140434 0.99056000264 0.00257571453818 340.975969732 
58080.8186524 0.996531469933 0.00257571453818 335.01442492 
58080.8232544 0.993358542955 0.00257571453818 337.001579702 
58080.8278538 0.991560491257 0.00257571453818 339.075195491 
58080.832491 0.992977186326 0.00257571453818 340.976009965 
58080.8370998 0.993045890262 0.00257571453818 339.075195491 
58080.8416876 0.994001970248 0.00257571453818 337.001619935 
58080.8462852 0.992044804219 0.00257571453818 339.075195491 
58080.8508962 0.994538856656 0.00257571453818 335.014384687 
58080.855482 0.995715585804 0.00257571453818 336.051192582 
58080.86004 1.00055991027 0.00257571453818 336.051192582 
58080.8645818 0.999215901972 0.00257571453818 333.027189672 
58080.869128 1.00052944157 0.00257571453818 335.01442492 
58080.8737186 1.00196844052 0.00257571453818 335.01442492 
58080.878295 1.0050328352 0.00257571453818 335.014384687 
58080.8828648 1.00268017347 0.00257571453818 335.964771807 
58080.8874504 1.00386028803 0.00257571453818 338.03842783 
58080.892048 1.00168346854 0.00257571453818 336.051192582 
58080.896629 1.00509078547 0.00257571453818 336.051192582 
58080.9011984 1.00246430371 0.00257571453818 334.063997567 
58080.905747 1.00309100309 0.00257571453818 335.014384687 
58080.9103168 0.99980894638 0.00257571453818 339.075195491 
58080.9149652 1.00166873205 0.00257571453818 340.976009965 
