58167.3306308 0.999845654633 0.00187 20 
58167.3308738 0.999260878328 0.00187 20 
58167.3311285 0.998353816758 0.00187 20 
58167.3313715 1.00045969408 0.00187 20 
58167.3316262 1.00037532471 0.00187 20 
58167.3318692 1.00033701729 0.00187 20 
58167.3321238 0.997955622026 0.00187 20 
58167.3323669 0.997467971907 0.00187 20 
58167.3326215 0.997323276551 0.00187 20 
58167.3328646 0.999210988415 0.00187 20 
58167.3331192 1.00005156034 0.00187 20 
58167.3333738 0.998999938346 0.00187 20 
58167.3336169 1.00035631695 0.00187 20 
58167.3338715 0.999608747682 0.00187 20 
58167.3341146 0.995995698656 0.00187 20 
58167.3343692 0.996374862168 0.00187 20 
58167.3346123 0.999614779034 0.00187 20 
58167.33511 0.998546879607 0.00187 20 
58167.3353646 0.999207464442 0.00187 20 
58167.3356076 1.00161073732 0.00187 20 
58167.3358623 1.00048729343 0.00187 20 
58167.3361053 1.00099191551 0.00187 20 
58167.33636 0.997854925912 0.00187 20 
58167.336603 0.999201367705 0.00187 20 
58167.3371007 1.00144014349 0.00187 20 
58167.3373553 1.00087977423 0.00187 20 
58167.3375984 1.00237462901 0.00187 20 
58167.3378414 1.00122740116 0.00187 20 
58167.3380961 0.99803258334 0.00187 20 
58167.3383391 0.999204101079 0.00187 20 
58167.3385937 0.999018420337 0.00187 20 
58167.3388368 1.00479874724 0.00187 20 
58167.3390914 0.999582392474 0.00187 20 
58167.3393345 1.00018537722 0.00187 20 
58167.3395775 1.00135996338 0.00187 20 
58167.3398322 0.999482128235 0.00187 20 
58167.3400752 1.00074729796 0.00187 20 
58167.3403299 1.00029862396 0.00187 20 
58167.3405729 0.998309616213 0.00187 20 
58167.3408275 1.00122409085 0.00187 20 
58167.3410706 1.00181067942 0.00187 20 
58167.3413252 1.00213111713 0.00187 20 
58167.3415683 1.00222818063 0.00187 20 
58167.3418113 1.00132647301 0.00187 20 
58167.342066 0.99944449679 0.00187 20 
58167.342309 0.996541015915 0.00187 20 
58167.3425636 0.996597404755 0.00187 20 
58167.3430613 1.00235893439 0.00187 20 
58167.3433044 1.00366624455 0.00187 20 
58167.343559 1.00007526512 0.00187 20 
58167.3438021 0.99790642446 0.00187 20 
58167.3440452 1.00169576004 0.00187 20 
58167.3442998 0.996057948556 0.00187 20 
58167.3445428 0.998801432577 0.00187 20 
58167.3447975 0.996924605305 0.00187 20 
58167.3450405 1.00084751999 0.00187 20 
58167.3452951 1.00217479574 0.00187 20 
58167.3455382 1.00174966648 0.00187 20 
58167.3457813 0.998135575833 0.00187 20 
58167.3460359 0.998593028806 0.00187 20 
58167.3462789 0.999057490982 0.00187 20 
58167.3465336 0.998787029296 0.00187 20 
58167.3467766 1.00370442911 0.00187 20 
58167.3470313 1.00153333242 0.00187 20 
58167.3472743 1.00242362199 0.00187 20 
58167.3475289 1.00083768375 0.00187 20 
58167.347772 0.999536613284 0.00187 20 
58167.3480266 0.998632786025 0.00187 20 
58167.3482697 1.00035238024 0.00187 20 
58167.3485243 0.998048277601 0.00187 20 
58167.3487674 1.0012207504 0.00187 20 
58167.349022 1.00053462702 0.00187 20 
58167.3492651 0.999194530192 0.00187 20 
58167.3495081 0.997383935303 0.00187 20 
58167.3497627 1.00078388993 0.00187 20 
58167.3500058 0.999315490864 0.00187 20 
58167.3502604 0.998618932625 0.00187 20 
58167.3505035 0.99879607564 0.00187 20 
58167.3507581 0.999942676516 0.00187 20 
58167.3510012 1.0004052451 0.00187 20 
58167.3512558 1.00335416182 0.00187 20 
58167.3514988 1.00034390011 0.00187 20 
58167.3517535 0.99947542831 0.00187 20 
58167.3519965 0.99964829958 0.00187 20 
58167.3522396 0.998295472507 0.00187 20 
58167.3524942 1.00140306857 0.00187 20 
58167.3527373 1.00251543924 0.00187 20 
58167.3529919 1.00104720309 0.00187 20 
58167.353235 1.00078452051 0.00187 20 
58167.3534896 1.00040541353 0.00187 20 
58167.3537326 0.996199589893 0.00187 20 
58167.3539873 0.997159057951 0.00187 20 
58167.3542303 0.998299744628 0.00187 20 
58167.354485 0.998667508154 0.00187 20 
58167.354728 1.00073678389 0.00187 20 
58167.3549826 0.998948145101 0.00187 20 
58167.3552257 1.00127300389 0.00187 20 
58167.3554687 1.00082690385 0.00187 20 
58167.3557234 1.00000279608 0.00187 20 
58167.3559664 0.997342012299 0.00187 20 
58167.3562211 0.996716587453 0.00187 20 
58167.3564641 1.00394023293 0.00187 20 
58167.3567072 1.00298835287 0.00187 20 
58167.3569618 0.999909799541 0.00187 20 
58167.3572049 1.00003814231 0.00187 20 
58167.3574595 1.00006457568 0.00187 20 
58167.3577025 0.999390748065 0.00187 20 
58167.3579572 0.998575085428 0.00187 20 
58167.3582002 1.00147865003 0.00187 20 
58167.3584433 0.997823803842 0.00187 20 
58167.3586979 0.999672686091 0.00187 20 
58167.358941 0.999660641085 0.00187 20 
58167.3591956 0.999211641469 0.00187 20 
58167.3594386 0.998389427731 0.00187 20 
58167.3596933 0.996036589772 0.00187 20 
58167.3599363 0.997692708725 0.00187 20 
58167.3601794 0.998811831539 0.00187 20 
58167.360434 1.00017880126 0.00187 20 
58167.3606771 0.999328844229 0.00187 20 
58167.3609317 1.00350939161 0.00187 20 
58167.3611748 1.0017643401 0.00187 20 
58167.3614178 0.998575599629 0.00187 20 
58167.3616724 0.999218790775 0.00187 20 
58167.3619271 0.999109027168 0.00187 20 
58167.3621701 0.997808081477 0.00187 20 
58167.3624248 1.00284168582 0.00187 20 
58167.3626678 1.00043303449 0.00187 20 
58167.3629109 0.999060191146 0.00187 20 
58167.3631655 1.00154902732 0.00187 20 
58167.3634086 1.00062200223 0.00187 20 
58167.3636632 0.998450117623 0.00187 20 
58167.3639063 0.999423487587 0.00187 20 
58167.3641609 0.99984583012 0.00187 20 
58167.3644039 0.999822090297 0.00187 20 
58167.364647 1.00054126174 0.00187 20 
58167.3649016 1.00131503954 0.00187 20 
58167.3651447 1.00028309635 0.00187 20 
58167.3653993 0.997487962458 0.00187 20 
58167.3656424 0.999464481733 0.00187 20 
58167.3658854 0.998094198209 0.00187 20 
58167.3661401 0.997383391173 0.00187 20 
58167.3663831 1.00172204301 0.00187 20 
58167.3666377 1.00131434231 0.00187 20 
58167.3668808 0.999129168327 0.00187 20 
58167.3671354 1.00008510212 0.00187 20 
58167.3673785 0.997401716523 0.00187 20 
58167.3676215 0.998765783683 0.00187 20 
58167.3678762 0.998591488239 0.00187 20 
58167.3681192 0.997271593224 0.00187 20 
58167.3683738 0.998620882991 0.00187 20 
58167.3686169 1.00026890516 0.00187 20 
58167.3688715 0.998525260273 0.00187 20 
58167.3691146 0.999479116224 0.00187 20 
58167.3693576 0.997600051841 0.00187 20 
58167.3696123 0.998524383775 0.00187 20 
58167.3698553 0.996901735955 0.00187 20 
58167.37011 0.997804502906 0.00187 20 
58167.370353 1.00145269717 0.00187 20 
58167.3705961 0.999108413172 0.00187 20 
58167.3708507 1.00029147641 0.00187 20 
58167.3710937 0.998924543838 0.00187 20 
58167.3713484 0.998816126124 0.00187 20 
58167.3715914 0.999069687686 0.00187 20 
58167.3718345 1.00068636561 0.00187 20 
58167.3720891 0.998866004258 0.00187 20 
58167.3723322 0.999633922426 0.00187 20 
58167.3725868 0.99983973096 0.00187 20 
58167.3728299 1.00040026394 0.00187 20 
58167.3730845 0.998766001477 0.00187 20 
58167.3733275 0.998517905696 0.00187 20 
58167.3735822 0.998234162089 0.00187 20 
58167.3738252 0.995917436213 0.00187 20 
58167.3740799 0.997344511988 0.00187 20 
58167.3743229 0.999313276622 0.00187 20 
58167.3745775 1.00023157712 0.00187 20 
58167.3748206 0.996444197559 0.00187 20 
58167.3750752 0.998532120181 0.00187 20 
58167.3753183 1.0003445822 0.00187 20 
58167.3755729 0.999097097153 0.00187 20 
58167.375816 0.996267569743 0.00187 20 
58167.3760706 0.998712452362 0.00187 20 
58167.3763136 0.997508769062 0.00187 20 
58167.3765683 0.997077031681 0.00187 20 
58167.3768113 0.996700230637 0.00187 20 
58167.377066 0.996146679334 0.00187 20 
58167.377309 0.995419923488 0.00187 20 
58167.3775636 0.995729059748 0.00187 20 
58167.3778067 0.997614873514 0.00187 20 
58167.3780613 0.996917727458 0.00187 20 
58167.3783044 0.999965367057 0.00187 20 
58167.3785474 0.996556484014 0.00187 20 
58167.3788021 0.995650211196 0.00187 20 
58167.3790451 0.995249210799 0.00187 20 
58167.3792998 0.993758020711 0.00187 20 
58167.3795428 0.994614182733 0.00187 20 
58167.3797974 0.993638901976 0.00187 20 
58167.3800405 0.996807165141 0.00187 20 
58167.3802836 0.995771567302 0.00187 20 
58167.3805382 0.995552917399 0.00187 20 
58167.3807813 0.993760439805 0.00187 20 
58167.3810359 0.996290837045 0.00187 20 
58167.3812789 0.993899296993 0.00187 20 
58167.3815336 0.995777530113 0.00187 20 
58167.3817766 0.995538094446 0.00187 20 
58167.3820197 0.99308792954 0.00187 20 
58167.3822743 0.994323406601 0.00187 20 
58167.3825174 0.996791093109 0.00187 20 
58167.382772 0.992708521487 0.00187 20 
58167.3830151 0.99182013946 0.00187 20 
58167.3832697 0.990970648323 0.00187 20 
58167.3835127 0.993971849283 0.00187 20 
58167.3837558 1.00010365233 0.00187 20 
58167.3840104 0.992494750311 0.00187 20 
58167.3842535 0.992478054061 0.00187 20 
58167.3845081 0.995208918739 0.00187 20 
58167.3847512 0.991775748024 0.00187 20 
58167.3850058 0.99114148771 0.00187 20 
58167.3852488 0.989721347251 0.00187 20 
58167.3855035 0.992254222808 0.00187 20 
58167.3857465 0.993188418398 0.00187 20 
58167.3860012 0.993796431315 0.00187 20 
58167.3862442 0.993847985847 0.00187 20 
58167.3864873 0.992387516283 0.00187 20 
58167.3867419 0.990339954516 0.00187 20 
58167.386985 0.991231838209 0.00187 20 
58167.3872396 0.990917886062 0.00187 20 
58167.3874826 0.990562588729 0.00187 20 
58167.3877257 0.990784256308 0.00187 20 
58167.3879803 0.989995934459 0.00187 20 
58167.3882234 0.991745756891 0.00187 20 
58167.388478 0.991726992002 0.00187 20 
58167.3887211 0.99144277244 0.00187 20 
58167.3889757 0.988338218362 0.00187 20 
58167.3892187 0.990283977377 0.00187 20 
58167.3894734 0.990127265578 0.00187 20 
58167.3897164 0.993168039485 0.00187 20 
58167.3899595 0.992539249607 0.00187 20 
58167.3902141 0.990901639379 0.00187 20 
58167.3904572 0.993901071672 0.00187 20 
58167.3907118 0.991694682156 0.00187 20 
58167.3909549 0.988384069646 0.00187 20 
58167.3912095 0.987694562443 0.00187 20 
58167.3914525 0.991563816414 0.00187 20 
58167.3917072 0.991729347935 0.00187 20 
58167.3919502 0.991053745127 0.00187 20 
58167.3921933 0.990816079912 0.00187 20 
58167.3924479 0.991471919946 0.00187 20 
58167.392691 0.989288566847 0.00187 20 
58167.3929456 0.988934920485 0.00187 20 
58167.3931886 0.988356078777 0.00187 20 
58167.3934433 0.989532411185 0.00187 20 
58167.3936863 0.991755435163 0.00187 20 
58167.3939294 0.99132881579 0.00187 20 
58167.394184 0.989437160036 0.00187 20 
58167.3944271 0.992846006302 0.00187 20 
58167.3946817 0.990412591241 0.00187 20 
58167.3949248 0.988696550502 0.00187 20 
58167.3951794 0.989933664827 0.00187 20 
58167.3954224 0.99038369052 0.00187 20 
58167.3956655 0.988101323882 0.00187 20 
58167.3959201 0.98980756718 0.00187 20 
58167.3961632 0.989885628843 0.00187 20 
58167.3964178 0.992666420436 0.00187 20 
58167.3966609 0.992118220975 0.00187 20 
58167.3969155 0.991688669078 0.00187 20 
58167.3971586 0.986533302519 0.00187 20 
58167.3974016 0.987965221294 0.00187 20 
58167.3976563 0.989018475762 0.00187 20 
58167.3978993 0.989747170949 0.00187 20 
58167.3981539 0.988885660609 0.00187 20 
58167.398397 0.991904440611 0.00187 20 
58167.3986516 0.989046784162 0.00187 20 
58167.3988947 0.989196817034 0.00187 20 
58167.3991377 0.989746644235 0.00187 20 
58167.3993924 0.988142259815 0.00187 20 
58167.3996354 0.988021146946 0.00187 20 
58167.3998901 0.990184883535 0.00187 20 
58167.4001331 0.989857957971 0.00187 20 
58167.4003762 0.986076259261 0.00187 20 
58167.4006308 0.989841050678 0.00187 20 
58167.4008738 0.986142506263 0.00187 20 
58167.4011285 0.990179289088 0.00187 20 
58167.4013715 0.994662229408 0.00187 20 
58167.4016146 0.987707020111 0.00187 20 
58167.4018692 0.991926795551 0.00187 20 
58167.4021123 0.98931972926 0.00187 20 
58167.4023669 0.985913218688 0.00187 20 
58167.402853 0.987577381612 0.00187 20 
58167.4031076 0.98977107043 0.00187 20 
58167.4033507 0.987575428783 0.00187 20 
58167.4036053 0.987629306595 0.00187 20 
58167.4038484 0.991938348385 0.00187 20 
58167.404103 0.991893360027 0.00187 20 
58167.4043461 0.990535075807 0.00187 20 
58167.4045891 0.985732886966 0.00187 20 
58167.4048437 0.990003428719 0.00187 20 
58167.4050868 0.990657195472 0.00187 20 
58167.4053414 0.986904941148 0.00187 20 
58167.4055845 0.989210306903 0.00187 20 
58167.4058275 0.987351721042 0.00187 20 
58167.4060822 0.990125745119 0.00187 20 
58167.4063252 0.988989176042 0.00187 20 
58167.4065799 0.989961753241 0.00187 20 
58167.4068229 0.98771548974 0.00187 20 
58167.4070775 0.989488578426 0.00187 20 
58167.4073206 0.988277765236 0.00187 20 
58167.4075636 0.988448646493 0.00187 20 
58167.4078183 0.989340719438 0.00187 20 
58167.4080613 0.992799914711 0.00187 20 
58167.408316 0.988282447536 0.00187 20 
58167.408559 0.987528444367 0.00187 20 
58167.4088136 0.987606571474 0.00187 20 
58167.4090567 0.991945080841 0.00187 20 
58167.4092998 0.990586147299 0.00187 20 
58167.4095544 0.989487110454 0.00187 20 
58167.4097974 0.987958166555 0.00187 20 
58167.4100521 0.98948014421 0.00187 20 
58167.4102951 0.989170835935 0.00187 20 
58167.4105382 0.986354210993 0.00187 20 
58167.4107928 0.986703781874 0.00187 20 
58167.4110359 0.988740100877 0.00187 20 
58167.4112905 0.990108047401 0.00187 20 
58167.4115336 0.989220116154 0.00187 20 
58167.4117766 0.988394035356 0.00187 20 
58167.4120313 0.989747703697 0.00187 20 
58167.4122743 0.989438077285 0.00187 20 
58167.4125289 0.990097958512 0.00187 20 
58167.412772 0.988117166413 0.00187 20 
58167.4130266 0.989367606139 0.00187 20 
58167.4132697 0.988946638028 0.00187 20 
58167.4135127 0.988691571111 0.00187 20 
58167.4137674 0.988358423353 0.00187 20 
58167.4140104 0.988938787473 0.00187 20 
58167.4142651 0.989834590729 0.00187 20 
58167.4145081 0.986012006181 0.00187 20 
58167.4147627 0.986683240678 0.00187 20 
58167.4150058 0.990341374049 0.00187 20 
58167.4152604 0.987873118755 0.00187 20 
58167.4155035 0.990995069434 0.00187 20 
58167.4157465 0.988237448087 0.00187 20 
58167.4160012 0.990413040888 0.00187 20 
58167.4162442 0.987968574297 0.00187 20 
58167.4164988 0.98999195792 0.00187 20 
58167.4167419 0.988577215033 0.00187 20 
58167.4169965 0.987704842228 0.00187 20 
58167.4172512 0.989178918376 0.00187 20 
58167.4174942 0.990314999424 0.00187 20 
58167.4177489 0.987358351839 0.00187 20 
58167.4180035 0.989319681955 0.00187 20 
58167.4182465 0.987108260112 0.00187 20 
58167.4185012 0.989304453765 0.00187 20 
58167.4187442 0.988802917263 0.00187 20 
58167.4189989 0.987740781063 0.00187 20 
58167.4192419 0.98670352888 0.00187 20 
58167.419485 0.989279849073 0.00187 20 
58167.4197396 0.98735999597 0.00187 20 
58167.4199826 0.987453473211 0.00187 20 
58167.4202373 0.988159728691 0.00187 20 
58167.4204803 0.989878197695 0.00187 20 
58167.420735 0.98950409936 0.00187 20 
58167.420978 0.988988543374 0.00187 20 
58167.4212326 0.987205194036 0.00187 20 
58167.4214757 0.990324846557 0.00187 20 
58167.4217188 0.988987066962 0.00187 20 
58167.4219734 0.988536844621 0.00187 20 
58167.4222164 0.987074130365 0.00187 20 
58167.4224711 0.98853353495 0.00187 20 
58167.4227141 0.989793408602 0.00187 20 
58167.4229688 0.987447707048 0.00187 20 
58167.4232118 0.988448768646 0.00187 20 
58167.4234549 0.989780215141 0.00187 20 
58167.4237095 0.987369407882 0.00187 20 
58167.4239525 0.989440307547 0.00187 20 
58167.4242072 0.98733244953 0.00187 20 
58167.4244502 0.989044474773 0.00187 20 
58167.4247049 0.989198633353 0.00187 20 
58167.4249479 0.988334171847 0.00187 20 
58167.4252025 0.987930729163 0.00187 20 
58167.4254456 0.986579941181 0.00187 20 
58167.4257002 0.987936384239 0.00187 20 
58167.4259433 0.988912392813 0.00187 20 
58167.4261863 0.987868940696 0.00187 20 
58167.426441 0.986866715426 0.00187 20 
58167.426684 0.98930626511 0.00187 20 
58167.4269387 0.987092689316 0.00187 20 
58167.4271817 0.986920465549 0.00187 20 
58167.4274248 0.988967886553 0.00187 20 
58167.4276794 0.990138840508 0.00187 20 
58167.4279224 0.990294965599 0.00187 20 
58167.4281771 0.987390573326 0.00187 20 
58167.4284201 0.988813318153 0.00187 20 
58167.4286748 0.990380185756 0.00187 20 
58167.4289178 0.987572966364 0.00187 20 
58167.4291609 0.986732535431 0.00187 20 
58167.4294155 0.987043526247 0.00187 20 
58167.4296586 0.990091424351 0.00187 20 
58167.4299132 0.989022675695 0.00187 20 
58167.4301562 0.988509458408 0.00187 20 
58167.4304109 0.988933718587 0.00187 20 
58167.4306539 0.987213653234 0.00187 20 
58167.430897 0.989151883313 0.00187 20 
58167.4311516 0.987600463026 0.00187 20 
58167.4313947 0.98786440847 0.00187 20 
58167.4316493 0.991818361219 0.00187 20 
58167.4318924 0.987391894685 0.00187 20 
58167.4321354 0.988354084448 0.00187 20 
58167.4323901 0.988464518357 0.00187 20 
58167.4326331 0.989214014325 0.00187 20 
58167.4328877 0.98940136063 0.00187 20 
58167.4331308 0.988884410127 0.00187 20 
58167.4333854 0.986830775624 0.00187 20 
58167.4336285 0.990620101416 0.00187 20 
58167.4338715 0.988385031493 0.00187 20 
58167.4341262 0.987766524633 0.00187 20 
58167.4343692 0.98845929935 0.00187 20 
58167.4346239 0.990385896522 0.00187 20 
58167.4348669 0.988976058872 0.00187 20 
58167.4351215 0.987765153343 0.00187 20 
58167.4353646 0.987586718222 0.00187 20 
58167.4356076 0.990177057584 0.00187 20 
58167.4358623 0.988259086608 0.00187 20 
58167.4361053 0.98942329608 0.00187 20 
58167.43636 0.988994372981 0.00187 20 
58167.436603 0.985547282428 0.00187 20 
58167.4368461 0.989811658017 0.00187 20 
58167.4371007 0.986585501704 0.00187 20 
58167.4373438 0.984831953642 0.00187 20 
58167.4375984 0.989768958362 0.00187 20 
58167.4378414 0.990152576649 0.00187 20 
58167.4380961 0.987309234847 0.00187 20 
58167.4383391 0.989717018317 0.00187 20 
58167.4385822 0.989375743844 0.00187 20 
58167.4388368 0.990769298803 0.00187 20 
58167.4390799 0.988110508408 0.00187 20 
58167.4393345 0.986458784439 0.00187 20 
58167.4395775 0.985673455031 0.00187 20 
58167.4398206 0.989454025899 0.00187 20 
58167.4400752 0.989828914205 0.00187 20 
58167.4403183 0.988574591331 0.00187 20 
58167.4405729 0.985600062399 0.00187 20 
58167.440816 0.987524483589 0.00187 20 
58167.4410706 0.988061224744 0.00187 20 
58167.4413136 0.987714819905 0.00187 20 
58167.4415683 0.987131016257 0.00187 20 
58167.4418113 0.988081025305 0.00187 20 
58167.4420544 0.987348591051 0.00187 20 
58167.442309 0.991873926882 0.00187 20 
58167.4425521 0.98934367463 0.00187 20 
58167.4428067 0.98836027487 0.00187 20 
58167.4430498 0.985932227252 0.00187 20 
58167.4432928 0.986362225006 0.00187 20 
58167.4435474 0.989698874668 0.00187 20 
58167.4437905 0.987086197073 0.00187 20 
58167.4440451 0.988249810955 0.00187 20 
58167.4442882 0.990388556193 0.00187 20 
58167.4445428 0.988949782395 0.00187 20 
58167.4447859 0.989005118254 0.00187 20 
58167.4450289 0.989954349056 0.00187 20 
58167.4452836 0.991240278543 0.00187 20 
58167.4455266 0.98809544671 0.00187 20 
58167.4457812 0.990497932945 0.00187 20 
58167.4460243 0.989992629835 0.00187 20 
58167.4462674 0.990633775936 0.00187 20 
58167.446522 0.985345445084 0.00187 20 
58167.4467651 0.988775913481 0.00187 20 
58167.4470197 0.98960441208 0.00187 20 
58167.4472627 0.983803933612 0.00187 20 
58167.4475058 0.984520407799 0.00187 20 
58167.4477604 0.987375976769 0.00187 20 
58167.4480035 0.989013982143 0.00187 20 
58167.4482581 0.989128184635 0.00187 20 
58167.4485012 0.988996216394 0.00187 20 
58167.4487442 0.987207907963 0.00187 20 
58167.4489989 0.987661534743 0.00187 20 
58167.4492419 0.989023764649 0.00187 20 
58167.4494965 0.986578896094 0.00187 20 
58167.4497396 0.990793409217 0.00187 20 
58167.4499942 0.989962283496 0.00187 20 
58167.4502373 0.991179925584 0.00187 20 
58167.4504803 0.986990991882 0.00187 20 
58167.450735 0.990196727788 0.00187 20 
58167.450978 0.988354462349 0.00187 20 
58167.4512326 0.987424764523 0.00187 20 
58167.4514757 0.988638154692 0.00187 20 
58167.4517303 0.986032624256 0.00187 20 
58167.4519734 0.990034101154 0.00187 20 
58167.4522164 0.988134375619 0.00187 20 
58167.4524711 0.989838707821 0.00187 20 
58167.4527141 0.991042833012 0.00187 20 
58167.4529688 0.99108453199 0.00187 20 
58167.4532118 0.987783508873 0.00187 20 
58167.4534549 0.989652739007 0.00187 20 
58167.4537095 0.989217597185 0.00187 20 
58167.4539525 0.990787117904 0.00187 20 
58167.4542072 0.989485489521 0.00187 20 
58167.4544502 0.990066494846 0.00187 20 
58167.4547049 0.987178191213 0.00187 20 
58167.4549479 0.987507875651 0.00187 20 
58167.455191 0.985972606365 0.00187 20 
58167.4554456 0.986875936353 0.00187 20 
58167.4556886 0.988683607068 0.00187 20 
58167.4559433 0.98962447714 0.00187 20 
58167.4561863 0.987837963663 0.00187 20 
58167.4564294 0.990859960373 0.00187 20 
58167.456684 0.988449444433 0.00187 20 
58167.4569271 0.991016678806 0.00187 20 
58167.4571817 0.987890865803 0.00187 20 
58167.4574248 0.990219261099 0.00187 20 
58167.4576794 0.989163648345 0.00187 20 
58167.4579224 0.992683044641 0.00187 20 
58167.4581771 0.990497973007 0.00187 20 
58167.4586748 0.989788552218 0.00187 20 
58167.4589178 0.988484369688 0.00187 20 
58167.4591724 0.990244413084 0.00187 20 
58167.4594155 0.988300026056 0.00187 20 
58167.4596701 0.990396654158 0.00187 20 
58167.4599132 0.990231217776 0.00187 20 
58167.4601678 0.990098585037 0.00187 20 
58167.4604109 0.987752950627 0.00187 20 
58167.4606655 0.98503604974 0.00187 20 
58167.4609086 0.989841119623 0.00187 20 
58167.4611516 0.987880206126 0.00187 20 
58167.4614062 0.987618990189 0.00187 20 
58167.4616493 0.992878480941 0.00187 20 
58167.4619039 0.988487631883 0.00187 20 
58167.462147 0.987858900713 0.00187 20 
58167.4623901 0.989396027847 0.00187 20 
58167.4626447 0.986149482555 0.00187 20 
58167.4628877 0.984715496754 0.00187 20 
58167.4631424 0.985858172588 0.00187 20 
58167.4633854 0.986907211907 0.00187 20 
58167.4636401 0.991648546553 0.00187 20 
58167.4638831 0.986908535465 0.00187 20 
58167.4641262 0.987984170396 0.00187 20 
58167.4643808 0.989368732677 0.00187 20 
58167.4646239 0.989229877159 0.00187 20 
58167.4648785 0.988341905691 0.00187 20 
58167.4651215 0.990151396791 0.00187 20 
58167.4653646 0.990276188626 0.00187 20 
58167.4656192 0.988700206626 0.00187 20 
58167.4658623 0.986249833753 0.00187 20 
58167.4661169 0.988023726473 0.00187 20 
58167.46636 0.985659861802 0.00187 20 
58167.4666146 0.985465900135 0.00187 20 
58167.4668576 0.98993474221 0.00187 20 
58167.4671123 0.988118097512 0.00187 20 
58167.4673553 0.985158932136 0.00187 20 
58167.4675984 0.990354523099 0.00187 20 
58167.467853 0.987559968046 0.00187 20 
58167.4680961 0.987144839977 0.00187 20 
58167.4683507 0.986760482225 0.00187 20 
58167.4685938 0.986357405393 0.00187 20 
58167.4688484 0.989033904925 0.00187 20 
58167.4690914 0.986650375719 0.00187 20 
58167.4693345 0.991226944947 0.00187 20 
58167.4695891 0.988401773674 0.00187 20 
58167.4698322 0.989269464937 0.00187 20 
58167.4700868 0.988392420011 0.00187 20 
58167.4703299 0.985118672857 0.00187 20 
58167.4705845 0.988563315136 0.00187 20 
58167.4708275 0.989502891051 0.00187 20 
58167.4710822 0.985008302478 0.00187 20 
58167.4713252 0.990134181669 0.00187 20 
58167.4715683 0.989813927438 0.00187 20 
58167.4718229 0.989080034403 0.00187 20 
58167.472066 0.992117977595 0.00187 20 
58167.4723206 0.986495856177 0.00187 20 
58167.4725636 0.986725923777 0.00187 20 
58167.4728183 0.992241636105 0.00187 20 
58167.4730613 0.986797270445 0.00187 20 
58167.4733044 0.989095024087 0.00187 20 
58167.473559 0.988909000606 0.00187 20 
58167.4738021 0.990150181525 0.00187 20 
58167.4740567 0.992463583524 0.00187 20 
58167.4742998 0.990748272098 0.00187 20 
58167.4745544 0.985253872658 0.00187 20 
58167.4747974 0.990872139024 0.00187 20 
58167.4750405 0.986015499972 0.00187 20 
58167.4752951 0.989958296426 0.00187 20 
58167.4755382 0.989414399472 0.00187 20 
58167.4757928 0.985880949389 0.00187 20 
58167.4760359 0.989230415359 0.00187 20 
58167.4762905 0.987726364435 0.00187 20 
58167.4765336 0.985821798285 0.00187 20 
58167.4767766 0.989265228225 0.00187 20 
58167.4770312 0.988968792454 0.00187 20 
58167.4772743 0.988968860893 0.00187 20 
58167.4775289 0.989245074658 0.00187 20 
58167.477772 0.991112052712 0.00187 20 
58167.4780151 0.991092714866 0.00187 20 
58167.4782697 0.990966271756 0.00187 20 
58167.4785127 0.989154417366 0.00187 20 
58167.4787674 0.989796301435 0.00187 20 
58167.4790104 0.988347205568 0.00187 20 
58167.4792651 0.991575731235 0.00187 20 
58167.4795081 0.988336574081 0.00187 20 
58167.4797512 0.990207997957 0.00187 20 
58167.4800058 0.988352192747 0.00187 20 
58167.4802489 0.988886272976 0.00187 20 
58167.4805035 0.991442311729 0.00187 20 
58167.4807465 0.987593675279 0.00187 20 
58167.4810012 0.986872714921 0.00187 20 
58167.4812442 0.99120542481 0.00187 20 
58167.4814873 0.990796827481 0.00187 20 
58167.4817419 0.990968790334 0.00187 20 
58167.481985 0.98866197117 0.00187 20 
58167.4822396 0.989038876381 0.00187 20 
58167.4824826 0.989391971537 0.00187 20 
58167.4827373 0.987515325932 0.00187 20 
58167.4829803 0.988615148319 0.00187 20 
58167.4832234 0.989889738829 0.00187 20 
58167.483478 0.990764789931 0.00187 20 
58167.4837211 0.98654746205 0.00187 20 
58167.4839757 0.986093648937 0.00187 20 
58167.4842188 0.988943873556 0.00187 20 
58167.4844734 0.989784905587 0.00187 20 
58167.4847164 0.98719415115 0.00187 20 
58167.4849595 0.990691046084 0.00187 20 
58167.4852141 0.992287750688 0.00187 20 
58167.4854572 0.992566489658 0.00187 20 
58167.4857118 0.989446011144 0.00187 20 
58167.4859549 0.987199058444 0.00187 20 
58167.4861979 0.989989096777 0.00187 20 
58167.4864525 0.987864172617 0.00187 20 
58167.4866956 0.988334366332 0.00187 20 
58167.4869502 0.989300552541 0.00187 20 
58167.4871933 0.988216551616 0.00187 20 
58167.4874363 0.985318202061 0.00187 20 
58167.487691 0.985606813873 0.00187 20 
58167.487934 0.985236284828 0.00187 20 
58167.4881886 0.986382725562 0.00187 20 
58167.4884317 0.987323837599 0.00187 20 
58167.4886748 0.988242710848 0.00187 20 
58167.4889294 0.985066568566 0.00187 20 
58167.4891724 0.987929927903 0.00187 20 
58167.4894271 0.984114808789 0.00187 20 
58167.4896701 0.987542170656 0.00187 20 
58167.4899248 0.984598801387 0.00187 20 
58167.4901678 0.986408270419 0.00187 20 
58167.4904109 0.987300985401 0.00187 20 
58167.4906655 0.986232232435 0.00187 20 
58167.4909086 0.990118849781 0.00187 20 
58167.4911632 0.988487963511 0.00187 20 
58167.4914063 0.986414473123 0.00187 20 
58167.4916609 0.984507751176 0.00187 20 
58167.4919039 0.988144168217 0.00187 20 
58167.492147 0.993990532733 0.00187 20 
58167.4924016 0.991395326268 0.00187 20 
58167.4926447 0.986060988902 0.00187 20 
58167.4928993 0.989739558748 0.00187 20 
58167.4931424 0.989721176984 0.00187 20 
58167.4933854 0.988320903332 0.00187 20 
58167.4936401 0.989206389701 0.00187 20 
58167.4938831 0.990660253305 0.00187 20 
58167.4941377 0.990165873446 0.00187 20 
58167.4943808 0.992906354845 0.00187 20 
58167.4946354 0.993038438687 0.00187 20 
58167.4948785 0.992120042924 0.00187 20 
58167.4951215 0.988913531051 0.00187 20 
58167.4953762 0.99090274009 0.00187 20 
58167.4956192 0.990774531365 0.00187 20 
58167.4958739 0.988494313846 0.00187 20 
58167.4961169 0.993001991159 0.00187 20 
58167.49636 0.98736509286 0.00187 20 
58167.4966146 0.990630598118 0.00187 20 
58167.4968576 0.990922976777 0.00187 20 
58167.4971123 0.991208001018 0.00187 20 
58167.4973553 0.991823395475 0.00187 20 
58167.49761 0.990906167343 0.00187 20 
58167.497853 0.987535448878 0.00187 20 
58167.4980961 0.991598756511 0.00187 20 
58167.4983507 0.989057369449 0.00187 20 
58167.4985937 0.990836748161 0.00187 20 
58167.4988484 0.992071657775 0.00187 20 
58167.4990914 0.995116386422 0.00187 20 
58167.4993461 0.990730830264 0.00187 20 
58167.4996007 0.988244160069 0.00187 20 
58167.4998438 0.991101864709 0.00187 20 
58167.5000984 0.989080105668 0.00187 20 
58167.5003414 0.991703170692 0.00187 20 
58167.5005961 0.989707447179 0.00187 20 
58167.5008391 0.990353600927 0.00187 20 
58167.5010938 0.989698777053 0.00187 20 
58167.5013484 0.989544428244 0.00187 20 
58167.5015914 0.986149942199 0.00187 20 
58167.5018461 0.992499705587 0.00187 20 
58167.5020891 0.990780231564 0.00187 20 
58167.5023438 0.991203896816 0.00187 20 
58167.5025868 0.9872182494 0.00187 20 
58167.5028299 0.992591788669 0.00187 20 
58167.5030845 0.98963606161 0.00187 20 
58167.5033275 0.991232716154 0.00187 20 
58167.5035822 0.993493498345 0.00187 20 
58167.5038252 0.987869579033 0.00187 20 
58167.5040799 0.986742942021 0.00187 20 
58167.5043229 0.987239085533 0.00187 20 
58167.504566 0.992176432903 0.00187 20 
58167.5048206 0.99336766124 0.00187 20 
58167.5050637 0.989740347173 0.00187 20 
58167.5053183 0.991802640882 0.00187 20 
58167.5055613 0.988846001389 0.00187 20 
58167.505816 0.986934493077 0.00187 20 
58167.506059 0.989752114671 0.00187 20 
58167.5063021 0.992358880337 0.00187 20 
58167.5065567 0.987354422801 0.00187 20 
58167.5067998 0.990798282121 0.00187 20 
58167.5070544 0.989655955333 0.00187 20 
58167.5072974 0.989219609233 0.00187 20 
58167.5075405 0.986972342341 0.00187 20 
58167.5077951 0.985912161491 0.00187 20 
58167.5080382 0.989382515728 0.00187 20 
58167.5082928 0.990888444838 0.00187 20 
58167.5085359 0.991024962302 0.00187 20 
58167.5087905 0.993260557099 0.00187 20 
58167.5090336 0.987168954623 0.00187 20 
58167.5092882 0.986980039931 0.00187 20 
58167.5095312 0.983403876097 0.00187 20 
58167.5097743 0.985302072363 0.00187 20 
58167.5100289 0.98768278832 0.00187 20 
58167.510272 0.99012623887 0.00187 20 
58188.3454572 1.0039705515 0.00231 12 
58188.3456076 1.00156823885 0.00231 12 
58188.3457697 0.999782913658 0.00231 12 
58188.3459201 1.00106430554 0.00231 12 
58188.3460706 1.00500110392 0.00231 12 
58188.3462211 0.998793523995 0.00231 12 
58188.3463715 0.999339407796 0.00231 12 
58188.346522 0.99766864191 0.00231 12 
58188.3466724 0.997777563727 0.00231 12 
58188.3468345 1.00157635035 0.00231 12 
58188.3469849 0.997167909036 0.00231 12 
58188.3471354 0.999632294022 0.00231 12 
58188.3472975 0.998080123613 0.00231 12 
58188.3474479 0.99977144399 0.00231 12 
58188.3475984 1.0030015889 0.00231 12 
58188.3477488 0.998867373393 0.00231 12 
58188.3479109 1.00203692651 0.00231 12 
58188.3480613 1.00137966289 0.00231 12 
58188.3482118 0.998321094853 0.00231 12 
58188.3483739 0.996234263981 0.00231 12 
58188.3485243 0.99934466159 0.00231 12 
58188.3486748 1.00142403609 0.00231 12 
58188.3488368 0.998801871252 0.00231 12 
58188.3489873 1.00080092207 0.00231 12 
58188.3491377 1.00105809829 0.00231 12 
58188.3492882 1.0016501443 0.00231 12 
58188.3494387 1.00021919118 0.00231 12 
58188.3496007 1.00099995176 0.00231 12 
58188.3497512 1.00214866931 0.00231 12 
58188.3499016 0.997860984022 0.00231 12 
58188.3500521 0.998264228074 0.00231 12 
58188.3502026 1.00020594112 0.00231 12 
58188.350353 0.999335310126 0.00231 12 
58188.3505035 0.999526073308 0.00231 12 
58188.3506655 1.00405900047 0.00231 12 
58188.350816 1.00117609196 0.00231 12 
58188.3509664 1.00225269271 0.00231 12 
58188.3511169 1.00056472779 0.00231 12 
58188.3512674 0.998156946048 0.00231 12 
58188.3514178 0.996734590567 0.00231 12 
58188.3515683 0.998962710378 0.00231 12 
58188.3517303 0.999132087734 0.00231 12 
58188.3518808 0.997736376307 0.00231 12 
58188.3520428 1.00057182668 0.00231 12 
58188.3521933 1.00190155244 0.00231 12 
58188.3523438 1.00031903059 0.00231 12 
58188.3525058 0.999609473217 0.00231 12 
58188.3526562 1.00284312205 0.00231 12 
58188.3528067 1.00249652541 0.00231 12 
58188.3529572 1.00024836359 0.00231 12 
58188.3531192 0.999060089544 0.00231 12 
58188.3532697 0.998281793783 0.00231 12 
58188.3534201 1.00192755543 0.00231 12 
58188.3535822 1.00002483541 0.00231 12 
58188.3537326 0.996670018011 0.00231 12 
58188.3538831 1.00151692996 0.00231 12 
58188.3540336 0.999316641639 0.00231 12 
58188.3541956 1.00004516019 0.00231 12 
58188.3543461 1.00040485991 0.00231 12 
58188.3544965 0.998279542899 0.00231 12 
58188.354647 1.00242467841 0.00231 12 
58188.3547974 1.00352277773 0.00231 12 
58188.3549595 0.999324674136 0.00231 12 
58188.35511 1.00084366967 0.00231 12 
58188.3552604 0.998894916897 0.00231 12 
58188.3554109 0.998167607355 0.00231 12 
58188.3555613 1.00017212984 0.00231 12 
58188.3557118 1.00196399793 0.00231 12 
58188.3558623 1.00103090975 0.00231 12 
58188.3560127 1.00018439765 0.00231 12 
58188.3561632 0.9979691112 0.00231 12 
58188.3563252 0.997923877147 0.00231 12 
58188.3564757 1.00006263236 0.00231 12 
58188.3566261 0.998802850598 0.00231 12 
58188.3567882 0.998015638062 0.00231 12 
58188.3569387 1.00185296965 0.00231 12 
58188.3570891 1.00181186765 0.00231 12 
58188.3572512 0.998221940475 0.00231 12 
58188.3574016 1.00220300662 0.00231 12 
58188.3575521 0.998559076243 0.00231 12 
58188.3577141 0.997655284384 0.00231 12 
58188.3578646 1.00397961842 0.00231 12 
58188.3580151 0.99857099826 0.00231 12 
58188.3581655 1.00053135727 0.00231 12 
58188.3583275 1.00029657786 0.00231 12 
58188.358478 1.00222304673 0.00231 12 
58188.3586285 1.00217038798 0.00231 12 
58188.3587789 1.00315886137 0.00231 12 
58188.3589294 0.996953637761 0.00231 12 
58188.3590914 0.998165343027 0.00231 12 
58188.3592419 1.00104974248 0.00231 12 
58188.3593924 0.998196596629 0.00231 12 
58188.3595544 0.999049091421 0.00231 12 
58188.3597048 0.997877321331 0.00231 12 
58188.3598553 0.998990861945 0.00231 12 
58188.3600174 0.999356772513 0.00231 12 
58188.3601678 0.99941332436 0.00231 12 
58188.3603183 1.00022594503 0.00231 12 
58188.3604687 0.998597545824 0.00231 12 
58188.3606308 0.999455988451 0.00231 12 
58188.3607812 0.998901059897 0.00231 12 
58188.3609317 1.00102376336 0.00231 12 
58188.3610938 0.999266094171 0.00231 12 
58188.3612442 0.999660139279 0.00231 12 
58188.3613947 1.00110094607 0.00231 12 
58188.3615567 0.997316906131 0.00231 12 
58188.3617072 1.00037930901 0.00231 12 
58188.3618576 1.00102507736 0.00231 12 
58188.3620081 1.00027478494 0.00231 12 
58188.3621586 0.999449781477 0.00231 12 
58188.362309 1.00232161019 0.00231 12 
58188.3624711 1.00031859469 0.00231 12 
58188.3626215 0.999163448437 0.00231 12 
58188.362772 0.999413238018 0.00231 12 
58188.3629225 1.00217145122 0.00231 12 
58188.3630729 1.00237384958 0.00231 12 
58188.3632234 0.997666228886 0.00231 12 
58188.3633738 1.00145032795 0.00231 12 
58188.3635243 1.00222442106 0.00231 12 
58188.3636748 1.00172561143 0.00231 12 
58188.3638368 1.00067539281 0.00231 12 
58188.3639873 1.00085635597 0.00231 12 
58188.3641377 1.00182985053 0.00231 12 
58188.3642882 0.998664268158 0.00231 12 
58188.3644386 1.00055371769 0.00231 12 
58188.3645891 0.999702223492 0.00231 12 
58188.3647396 0.999825381032 0.00231 12 
58188.36489 1.00030924507 0.00231 12 
58188.3650405 0.998123070291 0.00231 12 
58188.3652025 1.00200384494 0.00231 12 
58188.365353 1.00222067143 0.00231 12 
58188.3655035 0.996087194677 0.00231 12 
58188.3656655 1.00186650385 0.00231 12 
58188.365816 1.00194981565 0.00231 12 
58188.3659664 0.996129369977 0.00231 12 
58188.3661169 0.998663228271 0.00231 12 
58188.3662789 0.999084563274 0.00231 12 
58188.3664294 0.997177789042 0.00231 12 
58188.3665799 0.997510102121 0.00231 12 
58188.3667303 1.00066805893 0.00231 12 
58188.3668808 0.997139579791 0.00231 12 
58188.3670312 0.995804843972 0.00231 12 
58188.3671933 1.00241966459 0.00231 12 
58188.3673437 0.997273675486 0.00231 12 
58188.3674942 1.00000462852 0.00231 12 
58188.3676447 0.996450958795 0.00231 12 
58188.3678067 0.999119244272 0.00231 12 
58188.3679572 1.00087615226 0.00231 12 
58188.3681076 1.00036863573 0.00231 12 
58188.3682697 1.00546546475 0.00231 12 
58188.3684201 1.00171586185 0.00231 12 
58188.3685706 1.00324923183 0.00231 12 
58188.3687211 0.998871750144 0.00231 12 
58188.3688831 1.0018990233 0.00231 12 
58188.3690336 0.995590500051 0.00231 12 
58188.369184 0.997090095805 0.00231 12 
58188.3693461 0.999812690994 0.00231 12 
58188.3694965 0.999151902772 0.00231 12 
58188.369647 0.999763738843 0.00231 12 
58188.369809 1.00167459062 0.00231 12 
58188.3699595 1.00351761763 0.00231 12 
58188.3701099 0.999698105666 0.00231 12 
58188.3702604 1.00093473101 0.00231 12 
58188.3704224 0.999242647807 0.00231 12 
58188.3705729 0.99621543894 0.00231 12 
58188.3707234 0.998893942531 0.00231 12 
58188.3708854 1.00101208885 0.00231 12 
58188.3710359 1.00276415772 0.00231 12 
58188.3711863 1.00262895744 0.00231 12 
58188.3713484 0.997496879746 0.00231 12 
58188.3714988 1.00242804849 0.00231 12 
58188.3716493 0.9990640311 0.00231 12 
58188.3717998 0.999227531579 0.00231 12 
58188.3719618 0.998462980205 0.00231 12 
58188.3721123 0.998506058568 0.00231 12 
58188.3722627 1.00056552574 0.00231 12 
58188.3724248 0.999580369633 0.00231 12 
58188.3725752 0.99915108098 0.00231 12 
58188.3727257 1.00197903258 0.00231 12 
58188.3728877 1.00149086889 0.00231 12 
58188.3730382 0.998870223907 0.00231 12 
58188.3731887 0.99855123986 0.00231 12 
58188.3733391 0.998957720396 0.00231 12 
58188.3735011 0.99871128088 0.00231 12 
58188.3736516 1.00175557922 0.00231 12 
58188.3738021 1.00177152514 0.00231 12 
58188.3739641 1.00059480999 0.00231 12 
58188.3741146 1.0030421934 0.00231 12 
58188.374265 1.00151741024 0.00231 12 
58188.3744155 1.00021774825 0.00231 12 
58188.3745775 0.995382366551 0.00231 12 
58188.374728 0.996340711912 0.00231 12 
58188.3748785 1.00063603741 0.00231 12 
58188.3750405 1.00054816636 0.00231 12 
58188.375191 1.00181684956 0.00231 12 
58188.3753414 0.997865139396 0.00231 12 
58188.3755035 1.0026568011 0.00231 12 
58188.3756539 0.99834891696 0.00231 12 
58188.3758044 1.00224588018 0.00231 12 
58188.3759664 0.998904852817 0.00231 12 
58188.3761169 1.00318643712 0.00231 12 
58188.3762674 1.00091608204 0.00231 12 
58188.3764294 1.00138353831 0.00231 12 
58188.3765799 1.0010522975 0.00231 12 
58188.3767303 1.00110645374 0.00231 12 
58188.3768924 0.999633590754 0.00231 12 
58188.3770428 1.00099037467 0.00231 12 
58188.3771933 0.998010126832 0.00231 12 
58188.3773553 0.99913797973 0.00231 12 
58188.3775058 0.999216985807 0.00231 12 
58188.3776562 1.00060058821 0.00231 12 
58188.3778183 1.00207280543 0.00231 12 
58188.3779688 1.00157867966 0.00231 12 
58188.3781192 0.99921618995 0.00231 12 
58188.3782813 1.00416929624 0.00231 12 
58188.3784317 1.000164234 0.00231 12 
58188.3785822 0.999323560524 0.00231 12 
58188.3787326 0.998729512915 0.00231 12 
58188.3788831 1.00081771583 0.00231 12 
58188.3790452 0.999388213524 0.00231 12 
58188.3791956 1.00459867769 0.00231 12 
58188.3793461 1.00335587658 0.00231 12 
58188.3794965 1.00135489634 0.00231 12 
58188.379647 0.996586274166 0.00231 12 
58188.3797975 0.99575556139 0.00231 12 
58188.3799479 0.99977724454 0.00231 12 
58188.38011 1.00497918215 0.00231 12 
58188.3802604 0.999514803968 0.00231 12 
58188.3804109 1.00002939454 0.00231 12 
58188.3805613 1.00191384096 0.00231 12 
58188.3807118 0.9959342144 0.00231 12 
58188.3808623 0.995136984248 0.00231 12 
58188.3810127 0.996066622997 0.00231 12 
58188.3811748 0.995694054296 0.00231 12 
58188.3813252 1.00044878719 0.00231 12 
58188.3814757 0.998686588284 0.00231 12 
58188.3816262 1.0009610427 0.00231 12 
58188.3817766 0.998158338917 0.00231 12 
58188.3819271 1.00211428724 0.00231 12 
58188.3820775 0.998574593301 0.00231 12 
58188.382228 0.997730044806 0.00231 12 
58188.3823785 1.00096285675 0.00231 12 
58188.3825405 1.00048884878 0.00231 12 
58188.382691 1.00270955869 0.00231 12 
58188.3828414 0.99751168286 0.00231 12 
58188.3829919 0.999346011269 0.00231 12 
58188.3831423 1.00076364533 0.00231 12 
58188.3833044 0.99682028452 0.00231 12 
58188.3834549 0.998573571182 0.00231 12 
58188.3836053 0.998975164825 0.00231 12 
58188.3837674 0.996545380157 0.00231 12 
58188.3839178 0.99551466592 0.00231 12 
58188.3840683 1.00229657471 0.00231 12 
58188.3842303 1.00146026337 0.00231 12 
58188.3843808 1.00166814694 0.00231 12 
58188.3845313 0.998835629167 0.00231 12 
58188.3846933 1.00095655316 0.00231 12 
58188.3848438 1.00138305885 0.00231 12 
58188.3849942 0.999813041385 0.00231 12 
58188.3851447 0.999820822459 0.00231 12 
58188.3852951 0.998451083198 0.00231 12 
58188.3854572 1.00049133113 0.00231 12 
58188.3856076 1.00047623272 0.00231 12 
58188.3857581 1.00197763644 0.00231 12 
58188.3859201 0.999397043321 0.00231 12 
58188.3860706 1.00148656544 0.00231 12 
58188.3862211 1.00163103897 0.00231 12 
58188.3863831 0.999310522341 0.00231 12 
58188.3865336 0.996066054846 0.00231 12 
58188.386684 0.997296907204 0.00231 12 
58188.3868345 0.998780803273 0.00231 12 
58188.3869965 0.999444001554 0.00231 12 
58188.387147 1.00084708455 0.00231 12 
58188.3872974 0.997197368538 0.00231 12 
58188.3874595 0.996521788793 0.00231 12 
58188.38761 1.00226254957 0.00231 12 
58188.3877604 0.998892227263 0.00231 12 
58188.3879225 1.00399043756 0.00231 12 
58188.3880729 0.999897494186 0.00231 12 
58188.3882234 0.999498324576 0.00231 12 
58188.3883854 0.992961143989 0.00231 12 
58188.3885359 0.998420953269 0.00231 12 
58188.3886864 0.997848832488 0.00231 12 
58188.3888368 0.99974176054 0.00231 12 
58188.3889988 1.00003547694 0.00231 12 
58188.3891493 0.999291817215 0.00231 12 
58188.3892998 1.00002651139 0.00231 12 
58188.3894618 0.996310196985 0.00231 12 
58188.3896123 0.99919145571 0.00231 12 
58188.3897627 0.998545140389 0.00231 12 
58188.3899132 0.999093016387 0.00231 12 
58188.3900752 1.0007758677 0.00231 12 
58188.3902257 0.997991591144 0.00231 12 
58188.3903761 0.995630753906 0.00231 12 
58188.3905382 1.00291233018 0.00231 12 
58188.3906887 1.00049953841 0.00231 12 
58188.3908391 0.998055434667 0.00231 12 
58188.3910012 0.998160396572 0.00231 12 
58188.3911516 0.997718895781 0.00231 12 
58188.3913021 0.997893509029 0.00231 12 
58188.3914525 1.00027946494 0.00231 12 
58188.3916146 0.99687251623 0.00231 12 
58188.3917651 0.998370254325 0.00231 12 
58188.3919155 1.00071794333 0.00231 12 
58188.3920776 1.00063091015 0.00231 12 
58188.392228 0.996066051574 0.00231 12 
58188.3923785 0.998812306823 0.00231 12 
58188.3925289 0.997284266768 0.00231 12 
58188.392691 0.996536085617 0.00231 12 
58188.3928414 0.998906264316 0.00231 12 
58188.3929919 1.00013246975 0.00231 12 
58188.3931539 0.998074991859 0.00231 12 
58188.3933044 0.994741230213 0.00231 12 
58188.3934549 0.999697107319 0.00231 12 
58188.3936169 0.999161535274 0.00231 12 
58188.3937674 0.99664249576 0.00231 12 
58188.3939178 0.994587204025 0.00231 12 
58188.3940683 0.995783426069 0.00231 12 
58188.3942303 1.00286512472 0.00231 12 
58188.3943808 0.996281353963 0.00231 12 
58188.3945312 0.999097370095 0.00231 12 
58188.3946933 0.996928543622 0.00231 12 
58188.3948438 0.996470816419 0.00231 12 
58188.3949942 0.996421887789 0.00231 12 
58188.3951563 0.994426981357 0.00231 12 
58188.3953067 0.99922975353 0.00231 12 
58188.3954572 0.997261282814 0.00231 12 
58188.3956192 0.996152800066 0.00231 12 
58188.3957697 0.994423335023 0.00231 12 
58188.3959202 0.993502427481 0.00231 12 
58188.3960706 0.997436294557 0.00231 12 
58188.3962326 0.995482694123 0.00231 12 
58188.3963831 0.992834296058 0.00231 12 
58188.3965336 0.991603019803 0.00231 12 
58188.396684 0.993672119705 0.00231 12 
58188.3968461 0.996881489365 0.00231 12 
58188.3969965 0.99513441126 0.00231 12 
58188.397147 0.996266129744 0.00231 12 
58188.397309 0.994319092401 0.00231 12 
58188.3974595 0.994229752626 0.00231 12 
58188.3976099 0.995322669167 0.00231 12 
58188.397772 0.99480445735 0.00231 12 
58188.3979225 0.991903760705 0.00231 12 
58188.3980729 0.995840821022 0.00231 12 
58188.3982234 0.993644378235 0.00231 12 
58188.3983738 0.9937005514 0.00231 12 
58188.3985359 0.991929515922 0.00231 12 
58188.3986863 0.995496672931 0.00231 12 
58188.3988368 0.997379617557 0.00231 12 
58188.3989873 0.990264018709 0.00231 12 
58188.3991377 0.993615392996 0.00231 12 
58188.3992882 0.993415073065 0.00231 12 
58188.3994386 0.992295479923 0.00231 12 
58188.3995891 0.993434308774 0.00231 12 
58188.3997396 0.991150111862 0.00231 12 
58188.3999016 0.993624271584 0.00231 12 
58188.4000521 0.992990448026 0.00231 12 
58188.4002025 0.995732702297 0.00231 12 
58188.400353 0.99361840168 0.00231 12 
58188.4005035 0.994456016596 0.00231 12 
58188.4006539 0.991807870721 0.00231 12 
58188.4008044 0.991712030371 0.00231 12 
58188.4009664 0.991941220364 0.00231 12 
58188.4011169 0.995145521466 0.00231 12 
58188.4012674 0.989194549017 0.00231 12 
58188.4014178 0.991384001606 0.00231 12 
58188.4015683 0.990098596088 0.00231 12 
58188.4017303 0.992638390502 0.00231 12 
58188.4018808 0.990948414228 0.00231 12 
58188.4020312 0.99025018941 0.00231 12 
58188.4021817 0.99690483375 0.00231 12 
58188.4023322 0.994064159644 0.00231 12 
58188.4024827 0.987534399634 0.00231 12 
58188.4026331 0.989343731308 0.00231 12 
58188.4027951 0.988658046064 0.00231 12 
58188.4029456 0.992944115334 0.00231 12 
58188.4030961 0.990316316809 0.00231 12 
58188.4032465 0.993774344163 0.00231 12 
58188.403397 0.991399386286 0.00231 12 
58188.403559 0.989929244571 0.00231 12 
58188.4037095 0.992020266764 0.00231 12 
58188.40386 0.993788704995 0.00231 12 
58188.404022 0.990841693061 0.00231 12 
58188.4041724 0.994845724712 0.00231 12 
58188.4043229 0.994951150624 0.00231 12 
58188.4044734 0.990805805965 0.00231 12 
58188.4046354 0.988903198916 0.00231 12 
58188.4047859 0.989402949673 0.00231 12 
58188.4049363 0.991423124852 0.00231 12 
58188.4050868 0.991017047468 0.00231 12 
58188.4052373 0.992113260191 0.00231 12 
58188.4053877 0.992002983752 0.00231 12 
58188.4055382 0.992540380705 0.00231 12 
58188.4056887 0.991759369683 0.00231 12 
58188.4058507 0.993139657655 0.00231 12 
58188.4060011 0.993061095906 0.00231 12 
58188.4061516 0.993363368965 0.00231 12 
58188.4063021 0.991419996395 0.00231 12 
58188.4064526 0.991263584454 0.00231 12 
58188.406603 0.993151068103 0.00231 12 
58188.406765 0.992298602572 0.00231 12 
58188.4069155 0.989663550316 0.00231 12 
58188.407066 0.990772098626 0.00231 12 
58188.4072164 0.993074118885 0.00231 12 
58188.4073669 0.993285245164 0.00231 12 
58188.4075174 0.99241834015 0.00231 12 
58188.4076794 0.989198618333 0.00231 12 
58188.4078299 0.993221809695 0.00231 12 
58188.4079803 0.991054813761 0.00231 12 
58188.4081308 0.991835679958 0.00231 12 
58188.4082813 0.987484218259 0.00231 12 
58188.4084433 0.991747234509 0.00231 12 
58188.4085937 0.991836839571 0.00231 12 
58188.4087442 0.989288023443 0.00231 12 
58188.4089062 0.991978326948 0.00231 12 
58188.4090567 0.99318225145 0.00231 12 
58188.4092072 0.988072737345 0.00231 12 
58188.4093692 0.989233640666 0.00231 12 
58188.4095197 0.990573443062 0.00231 12 
58188.4096701 0.989880079778 0.00231 12 
58188.4098206 0.987909139551 0.00231 12 
58188.4099711 0.990007212912 0.00231 12 
58188.4101215 0.991649407832 0.00231 12 
58188.410272 0.98941790895 0.00231 12 
58188.4104225 0.989849393526 0.00231 12 
58188.4105845 0.994396587411 0.00231 12 
58188.4107349 0.99015751524 0.00231 12 
58188.4108854 0.989758967355 0.00231 12 
58188.4110359 0.988121833889 0.00231 12 
58188.4111863 0.992562808366 0.00231 12 
58188.4113368 0.990368338739 0.00231 12 
58188.4114988 0.987941447393 0.00231 12 
58188.4116493 0.988501031023 0.00231 12 
58188.4117998 0.99040592281 0.00231 12 
58188.4119618 0.992589105309 0.00231 12 
58188.4121123 0.987169171815 0.00231 12 
58188.4122627 0.992199529516 0.00231 12 
58188.4124132 0.991892461201 0.00231 12 
58188.4125752 0.991125505142 0.00231 12 
58188.4127257 0.990977450666 0.00231 12 
58188.4128762 0.990278444091 0.00231 12 
58188.4130382 0.988146099528 0.00231 12 
58188.4131887 0.990190156312 0.00231 12 
58188.4133391 0.99121027886 0.00231 12 
58188.4135012 0.988161333173 0.00231 12 
58188.4136516 0.989296091388 0.00231 12 
58188.4138021 0.990256121807 0.00231 12 
58188.4139641 0.99007584289 0.00231 12 
58188.4141146 0.988818042893 0.00231 12 
58188.4142651 0.985139639697 0.00231 12 
58188.4144155 0.990671984519 0.00231 12 
58188.4145775 0.989435834727 0.00231 12 
58188.414728 0.989565696485 0.00231 12 
58188.4148785 0.992266729369 0.00231 12 
58188.4150405 0.98768107063 0.00231 12 
58188.415191 0.991365143226 0.00231 12 
58188.4153414 0.991591327917 0.00231 12 
58188.4154919 0.988562662973 0.00231 12 
58188.4156424 0.988465633816 0.00231 12 
58188.4157928 0.987827035961 0.00231 12 
58188.4159549 0.988743430752 0.00231 12 
58188.4161053 0.991170967353 0.00231 12 
58188.4162558 0.992970317144 0.00231 12 
58188.4164062 0.990207035014 0.00231 12 
58188.4165567 0.987921231316 0.00231 12 
58188.4167187 0.986895025303 0.00231 12 
58188.4168692 0.988237611141 0.00231 12 
58188.4170197 0.990187735535 0.00231 12 
58188.4171701 0.990439025423 0.00231 12 
58188.4173322 0.99215653901 0.00231 12 
58188.4174826 0.990863384985 0.00231 12 
58188.4176331 0.990075222396 0.00231 12 
58188.4177951 0.992528351752 0.00231 12 
58188.4179456 0.991197217961 0.00231 12 
58188.4180961 0.98808220714 0.00231 12 
58188.4182581 0.991817656459 0.00231 12 
58188.4184086 0.991630107874 0.00231 12 
58188.418559 0.99003717077 0.00231 12 
58188.4187211 0.992011975314 0.00231 12 
58188.4188715 0.98865102431 0.00231 12 
58188.419022 0.994301639789 0.00231 12 
58188.4191725 0.99199623041 0.00231 12 
58188.4193345 0.99163515779 0.00231 12 
58188.419485 0.993186820748 0.00231 12 
58188.4196354 0.992871822824 0.00231 12 
58188.4197859 0.993410241052 0.00231 12 
58188.4199479 0.994188931455 0.00231 12 
58188.4200984 0.99168133392 0.00231 12 
58188.4202488 0.992809335816 0.00231 12 
58188.4203993 0.989396388862 0.00231 12 
58188.4205498 0.99101935589 0.00231 12 
58188.4207002 0.991909201878 0.00231 12 
58188.4208507 0.987655941616 0.00231 12 
58188.4210012 0.988972176223 0.00231 12 
58188.4211632 0.993569002822 0.00231 12 
58188.4213137 0.991172273123 0.00231 12 
58188.4214641 0.993055816253 0.00231 12 
58188.4216146 0.991596472113 0.00231 12 
58188.4217651 0.992427386775 0.00231 12 
58188.4219271 0.988533047541 0.00231 12 
58188.4220776 0.99286465841 0.00231 12 
58188.422228 0.994160144737 0.00231 12 
58188.4223785 0.989871920962 0.00231 12 
58188.4225405 0.989644689084 0.00231 12 
58188.422691 0.990796387431 0.00231 12 
58188.4228414 0.996014680216 0.00231 12 
58188.4230035 0.989492332557 0.00231 12 
58188.4231539 0.985531759507 0.00231 12 
58188.4233044 0.990181479855 0.00231 12 
58188.4234664 0.992467617946 0.00231 12 
58188.4236169 0.989297939806 0.00231 12 
58188.4237674 0.984456224001 0.00231 12 
58188.4239178 0.988573703818 0.00231 12 
58188.4240799 0.98863374761 0.00231 12 
58188.4242303 0.991012369798 0.00231 12 
58188.4243808 0.99227739508 0.00231 12 
58188.4245312 0.987991138815 0.00231 12 
58188.4246817 0.990309964844 0.00231 12 
58188.4248322 0.993835550836 0.00231 12 
58188.4249942 0.991882272987 0.00231 12 
58188.4251447 0.989323815091 0.00231 12 
58188.4252951 0.991564030373 0.00231 12 
58188.4254456 0.986288602347 0.00231 12 
58188.4255961 0.988842328866 0.00231 12 
58188.4257465 0.990299047799 0.00231 12 
58188.4259086 0.989275590801 0.00231 12 
58188.426059 0.989781942799 0.00231 12 
58188.4262095 0.991215284617 0.00231 12 
58188.4263599 0.990758132167 0.00231 12 
58188.4265104 0.988780345266 0.00231 12 
58188.4266725 0.990245724187 0.00231 12 
58188.4268229 0.991862888262 0.00231 12 
58188.4269734 0.990923728735 0.00231 12 
58188.4271238 0.992743027667 0.00231 12 
58188.4272743 0.990287179414 0.00231 12 
58188.4274248 0.989902931484 0.00231 12 
58188.4275752 0.992486343166 0.00231 12 
58188.4277373 0.989619806383 0.00231 12 
58188.4278877 0.990508621053 0.00231 12 
58188.4280382 0.986340334804 0.00231 12 
58188.4281886 0.988317283504 0.00231 12 
58188.4283391 0.988556874928 0.00231 12 
58188.4285012 0.987925732611 0.00231 12 
58188.4286516 0.988010431927 0.00231 12 
58188.4288021 0.988171470303 0.00231 12 
58188.4289525 0.992995895384 0.00231 12 
58188.429103 0.99101684252 0.00231 12 
58188.4292535 0.991445856043 0.00231 12 
58188.4294039 0.989495487303 0.00231 12 
58188.429566 0.991394241308 0.00231 12 
58188.4297164 0.987500080563 0.00231 12 
58188.4298669 0.991810284763 0.00231 12 
58188.4300173 0.98753756004 0.00231 12 
58188.4301678 0.985094447662 0.00231 12 
58188.4303183 0.985567701256 0.00231 12 
58188.4304688 0.988972143203 0.00231 12 
58188.4306192 0.990241808414 0.00231 12 
58188.4307697 0.991130930522 0.00231 12 
58188.4309317 0.992880578683 0.00231 12 
58188.4310822 0.990042229374 0.00231 12 
58188.4312326 0.986856694685 0.00231 12 
58188.4313831 0.987326526115 0.00231 12 
58188.4315336 0.99111090929 0.00231 12 
58188.431684 0.991326324935 0.00231 12 
58188.4318345 0.990492611819 0.00231 12 
58188.4319965 0.991203711332 0.00231 12 
58188.432147 0.98888712086 0.00231 12 
58188.4322975 0.991364577408 0.00231 12 
58188.4324595 0.993782847534 0.00231 12 
58188.4326099 0.981348122997 0.00231 12 
58188.4327604 0.993755901928 0.00231 12 
58188.4329109 0.993103994205 0.00231 12 
58188.4330614 0.988579850441 0.00231 12 
58188.4332234 0.994167756498 0.00231 12 
58188.4333738 0.990001780672 0.00231 12 
58188.4335243 0.985357763556 0.00231 12 
58188.4336748 0.992401289525 0.00231 12 
58188.4338252 0.987590435311 0.00231 12 
58188.4339757 0.991788647497 0.00231 12 
58188.4341377 0.988636700105 0.00231 12 
58188.4342882 0.990162395697 0.00231 12 
58188.4344387 0.991033596981 0.00231 12 
58188.4345891 0.98937594518 0.00231 12 
58188.4347396 0.990849365414 0.00231 12 
58188.4348901 0.985902399995 0.00231 12 
58188.4350521 0.988485168904 0.00231 12 
58188.4352025 0.99086636925 0.00231 12 
58188.435353 0.989171316277 0.00231 12 
58188.435515 0.989793198888 0.00231 12 
58188.4356655 0.989176741881 0.00231 12 
58188.435816 0.989707524134 0.00231 12 
58188.4359664 0.991255911185 0.00231 12 
58188.4361169 0.989900667481 0.00231 12 
58188.4362674 0.990486921467 0.00231 12 
58188.4364178 0.990473106977 0.00231 12 
58188.4365683 0.9924323157 0.00231 12 
58188.4367303 0.984744244997 0.00231 12 
58188.4368808 0.992065122245 0.00231 12 
58188.4370313 0.987351534677 0.00231 12 
58188.4371817 0.992148236006 0.00231 12 
58188.4373322 0.989854518632 0.00231 12 
58188.4374826 0.990473905861 0.00231 12 
58188.4376331 0.98762296355 0.00231 12 
58188.4377836 0.988783398445 0.00231 12 
58188.4379456 0.994752072128 0.00231 12 
58188.4380961 0.991884863805 0.00231 12 
58188.4382465 0.993443306894 0.00231 12 
58188.438397 0.992646441432 0.00231 12 
58188.4385475 0.992499213699 0.00231 12 
58188.4387095 0.988494347665 0.00231 12 
58188.43886 0.992829787426 0.00231 12 
58188.4390104 0.994111872544 0.00231 12 
58188.4391609 0.988208624968 0.00231 12 
58188.4393113 0.988562273857 0.00231 12 
58188.4394618 0.984052864256 0.00231 12 
58188.4396123 0.98859377286 0.00231 12 
58188.4397743 0.989108138985 0.00231 12 
58188.4399248 0.990497783326 0.00231 12 
58188.4400752 0.99126835315 0.00231 12 
58188.4402373 0.99516959772 0.00231 12 
58188.4403877 0.994178998142 0.00231 12 
58188.4405382 0.992720750281 0.00231 12 
58188.4407002 0.993972136714 0.00231 12 
58188.4408507 0.988105264988 0.00231 12 
58188.4410012 0.992509716402 0.00231 12 
58188.4411632 0.99311021879 0.00231 12 
58188.4413136 0.989102527752 0.00231 12 
58188.4414641 0.99000867153 0.00231 12 
58188.4416146 0.990139338784 0.00231 12 
58188.441765 0.991697026547 0.00231 12 
58188.4419271 0.989703316939 0.00231 12 
58188.4420775 0.988150384286 0.00231 12 
58188.442228 0.988290963147 0.00231 12 
58188.4423785 0.987249734367 0.00231 12 
58188.4425289 0.988000925335 0.00231 12 
58188.442691 0.986753302716 0.00231 12 
58188.4428414 0.990439923389 0.00231 12 
58188.4429919 0.993483094032 0.00231 12 
58188.4431423 0.988953874701 0.00231 12 
58188.4432928 0.987771452467 0.00231 12 
58188.4434433 0.99653156694 0.00231 12 
58188.4435938 0.990316413156 0.00231 12 
58188.4437442 0.994722408748 0.00231 12 
58188.4439062 0.990404419891 0.00231 12 
58188.4440567 0.993829248094 0.00231 12 
58188.4442072 0.986129984745 0.00231 12 
58188.4443576 0.987245641701 0.00231 12 
58188.4445081 0.9927092758 0.00231 12 
58188.4446586 0.990550329799 0.00231 12 
58188.444809 0.987753681395 0.00231 12 
58188.4449595 0.991390965002 0.00231 12 
58188.4451215 0.990053019983 0.00231 12 
58188.445272 0.987587617256 0.00231 12 
58188.4454225 0.987342458533 0.00231 12 
58188.4455845 0.990213903001 0.00231 12 
58188.4457349 0.989600947997 0.00231 12 
58188.4458854 0.990234811601 0.00231 12 
58188.4460359 0.993783268352 0.00231 12 
58188.4461863 0.990845782739 0.00231 12 
58188.4463368 0.98755721539 0.00231 12 
58188.4464873 0.987352940951 0.00231 12 
58188.4466493 0.9893539883 0.00231 12 
58188.4467998 0.991334058252 0.00231 12 
58188.4469502 0.989655257371 0.00231 12 
58188.4471007 0.987374835266 0.00231 12 
58188.4472512 0.988399396922 0.00231 12 
58188.4474016 0.990305461896 0.00231 12 
58188.4475521 0.989537686801 0.00231 12 
58188.4477141 0.988032455393 0.00231 12 
58188.4478646 0.991909705702 0.00231 12 
58188.4480151 0.992022985898 0.00231 12 
58188.4481655 0.985958033083 0.00231 12 
58188.4483275 0.991185493322 0.00231 12 
58188.448478 0.986079788919 0.00231 12 
58188.4486285 0.991016224056 0.00231 12 
58188.4487905 0.987970591438 0.00231 12 
58188.448941 0.986862834563 0.00231 12 
58188.4490914 0.988861210102 0.00231 12 
58188.4492535 0.989318414824 0.00231 12 
58188.4494039 0.99003846802 0.00231 12 
58188.4495544 0.997281701191 0.00231 12 
58188.4497164 0.987300355482 0.00231 12 
58188.4498669 0.98929390251 0.00231 12 
58188.4500174 0.98766855074 0.00231 12 
58188.4501678 0.98711411745 0.00231 12 
58188.4503299 0.991924831487 0.00231 12 
58188.4504803 0.996173920585 0.00231 12 
58188.4506308 0.989456982343 0.00231 12 
58188.4507928 0.986319736871 0.00231 12 
58188.4509433 0.985639366007 0.00231 12 
58188.4510938 0.986457946562 0.00231 12 
58188.4512442 0.99037777751 0.00231 12 
58188.4514063 0.990187030478 0.00231 12 
58188.4515567 0.994124083255 0.00231 12 
58188.4517072 0.988186851877 0.00231 12 
58188.4518577 0.994554799051 0.00231 12 
58188.4520197 0.996296734855 0.00231 12 
58188.4521701 0.991856873999 0.00231 12 
58188.4523206 0.992310834191 0.00231 12 
58188.4524826 0.988605492795 0.00231 12 
58188.4526331 0.989285222738 0.00231 12 
58188.4527836 0.993988920964 0.00231 12 
58188.4529456 0.989021816874 0.00231 12 
58188.4530961 0.995823125259 0.00231 12 
58188.4532465 0.993730024437 0.00231 12 
58188.453397 0.985730601626 0.00231 12 
58188.453559 0.98997691478 0.00231 12 
58188.4537095 0.984812072428 0.00231 12 
58188.4538599 0.992163310119 0.00231 12 
58188.4540104 0.991416456336 0.00231 12 
58188.4541609 0.994537185926 0.00231 12 
58188.4543229 0.990208772816 0.00231 12 
58188.4544734 0.990127183737 0.00231 12 
58188.4546238 0.995610195051 0.00231 12 
58188.4547743 0.988083061232 0.00231 12 
58188.4549248 0.992879261231 0.00231 12 
58188.4550752 0.991598524689 0.00231 12 
58188.4552373 0.990192652394 0.00231 12 
58188.4553877 0.986097916268 0.00231 12 
58188.4555382 0.985621308505 0.00231 12 
58188.4556886 0.985373458367 0.00231 12 
58188.4558507 0.991953610634 0.00231 12 
58188.4560012 0.994649906447 0.00231 12 
58188.4561516 0.995718864099 0.00231 12 
58188.4563021 0.989541583268 0.00231 12 
58188.4564641 0.992687359589 0.00231 12 
58188.4566146 0.988747713632 0.00231 12 
58188.4567651 0.992771543959 0.00231 12 
58188.4569271 0.987470826049 0.00231 12 
58188.4570776 0.993251541438 0.00231 12 
58188.457228 0.989447275672 0.00231 12 
58188.45739 0.98725237526 0.00231 12 
58188.4575405 1.00027849861 0.00231 12 
58188.457691 0.998452730914 0.00231 12 
58188.4578414 0.988779982848 0.00231 12 
58188.4580035 0.995162466164 0.00231 12 
58188.4581539 0.989259491505 0.00231 12 
58188.4583044 0.987717775176 0.00231 12 
58188.4584664 0.9886729157 0.00231 12 
58188.4586169 0.99082514667 0.00231 12 
58188.4587673 0.988481964218 0.00231 12 
58188.4589178 0.98675774945 0.00231 12 
58188.4590799 0.988704835906 0.00231 12 
58188.4592303 0.991381030155 0.00231 12 
58188.4593808 0.989940557295 0.00231 12 
58188.4595312 0.99469511529 0.00231 12 
58188.4596817 0.988059689393 0.00231 12 
58188.4598437 0.987801080435 0.00231 12 
58188.4599942 0.98703578256 0.00231 12 
58188.4601447 0.996925392232 0.00231 12 
58188.4602951 0.98849900421 0.00231 12 
58188.4604572 0.988387502978 0.00231 12 
58188.4606076 0.982918322556 0.00231 12 
58188.4607581 0.988009591799 0.00231 12 
58188.4609086 0.99256426959 0.00231 12 
58188.4610706 0.995347949491 0.00231 12 
58188.4612211 0.991150272556 0.00231 12 
58188.4613715 0.988300620919 0.00231 12 
58188.461522 0.988256361811 0.00231 12 
58188.4616724 0.995459988146 0.00231 12 
58188.4618229 0.989744033973 0.00231 12 
58188.461985 0.991109762063 0.00231 12 
58188.4621354 0.993600140849 0.00231 12 
58188.4622859 0.990585627182 0.00231 12 
58188.4624363 0.988569006608 0.00231 12 
58188.4625868 0.990701656133 0.00231 12 
58188.4627373 0.991242090059 0.00231 12 
58188.4628877 0.987206928026 0.00231 12 
58188.4630382 0.991544815779 0.00231 12 
58188.4632002 0.987231447798 0.00231 12 
58188.4633507 0.998868587892 0.00231 12 
