58167.3306192 0.99615284525 0.00157 20 
58167.3308623 1.0055050505 0.00157 20 
58167.3311169 0.998903193037 0.00157 20 
58167.3313599 0.998021848533 0.00157 20 
58167.3316146 0.999100112153 0.00157 20 
58167.3318576 1.00099826008 0.00157 20 
58167.3321123 1.00144685588 0.00157 20 
58167.3323553 0.999121170326 0.00157 20 
58167.3326099 0.999657178819 0.00157 20 
58167.332853 1.00207973271 0.00157 20 
58167.3331076 0.995698879966 0.00157 20 
58167.3333623 0.998729996237 0.00157 20 
58167.3336053 1.00033067773 0.00157 20 
58167.3338599 1.00069126204 0.00157 20 
58167.3341146 0.998887393497 0.00157 20 
58167.3343576 1.00053407924 0.00157 20 
58167.3346123 1.00073214459 0.00157 20 
58167.3348553 1.00212450397 0.00157 20 
58167.33511 0.999591137817 0.00157 20 
58167.335353 1.00130295334 0.00157 20 
58167.3355961 1.00370346893 0.00157 20 
58167.3358507 0.999571824035 0.00157 20 
58167.3360937 1.0003215836 0.00157 20 
58167.3363484 1.00211349586 0.00157 20 
58167.3365914 0.998292305053 0.00157 20 
58167.3368461 1.00158907701 0.00157 20 
58167.3370891 1.00141241002 0.00157 20 
58167.3373322 1.00220009602 0.00157 20 
58167.3375868 0.999843342297 0.00157 20 
58167.3378298 1.00073571359 0.00157 20 
58167.3380729 0.998054536879 0.00157 20 
58167.3383275 0.997581756997 0.00157 20 
58167.3385706 1.00225588649 0.00157 20 
58167.3388252 0.999021934921 0.00157 20 
58167.3390683 1.00212384565 0.00157 20 
58167.3393229 0.998732675776 0.00157 20 
58167.339566 0.999392403492 0.00157 20 
58167.339809 1.00122154216 0.00157 20 
58167.3400636 1.00101259321 0.00157 20 
58167.3403067 1.00037114627 0.00157 20 
58167.3405613 0.999238808766 0.00157 20 
58167.3408044 1.00057503724 0.00157 20 
58167.3410475 1.00001493758 0.00157 20 
58167.3413021 0.99853896041 0.00157 20 
58167.3415452 0.997602890587 0.00157 20 
58167.3417998 0.999052684635 0.00157 20 
58167.3420428 1.00074320797 0.00157 20 
58167.3422975 1.001751958 0.00157 20 
58167.3425405 0.998405854602 0.00157 20 
58167.3427836 0.998535016956 0.00157 20 
58167.3430382 1.0008071621 0.00157 20 
58167.3432813 1.00092733134 0.00157 20 
58167.3435359 0.997442426576 0.00157 20 
58167.3437789 0.998626438773 0.00157 20 
58167.3440336 1.00036239434 0.00157 20 
58167.3442766 0.99778997865 0.00157 20 
58167.3445197 1.00165947974 0.00157 20 
58167.3447743 1.00010981931 0.00157 20 
58167.3450174 0.999204706605 0.00157 20 
58167.345272 0.998107104869 0.00157 20 
58167.3455151 0.998665335117 0.00157 20 
58167.3457697 1.00127835399 0.00157 20 
58167.3460127 1.00048220398 0.00157 20 
58167.3462558 0.99970364461 0.00157 20 
58167.3465104 0.998477667426 0.00157 20 
58167.3467535 0.996365577851 0.00157 20 
58167.3470081 0.998739831506 0.00157 20 
58167.3472512 1.00016149823 0.00157 20 
58167.3475058 1.00202987892 0.00157 20 
58167.3477488 0.998582847344 0.00157 20 
58167.3479919 0.999942124255 0.00157 20 
58167.3482465 1.00252640126 0.00157 20 
58167.3484896 1.00003378702 0.00157 20 
58167.3487442 1.00183207289 0.00157 20 
58167.3489873 1.00057613503 0.00157 20 
58167.3494849 0.999613252997 0.00157 20 
58167.349728 1.00053320096 0.00157 20 
58167.3499826 1.000623265 0.00157 20 
58167.3502257 0.999168195636 0.00157 20 
58167.3504803 1.00256461008 0.00157 20 
58167.3507234 0.999229660607 0.00157 20 
58167.3509664 1.00188730703 0.00157 20 
58167.3512211 0.998652836563 0.00157 20 
58167.3514641 0.999045585444 0.00157 20 
58167.3517187 1.00011000347 0.00157 20 
58167.3519618 0.997385273856 0.00157 20 
58167.3522048 0.999801751771 0.00157 20 
58167.3524595 1.00037229388 0.00157 20 
58167.3527025 1.00267640806 0.00157 20 
58167.3529572 1.00228222619 0.00157 20 
58167.3532002 1.00268459533 0.00157 20 
58167.3534548 1.00095620555 0.00157 20 
58167.3536979 0.999927407607 0.00157 20 
58167.3539525 0.999876027509 0.00157 20 
58167.3541956 0.998469918216 0.00157 20 
58167.3544502 1.00171026584 0.00157 20 
58167.3546933 1.00217027571 0.00157 20 
58167.3549363 0.999827379808 0.00157 20 
58167.355191 1.00021901694 0.00157 20 
58167.355434 0.995659383784 0.00157 20 
58167.3556886 1.00078928488 0.00157 20 
58167.3559317 0.999271148622 0.00157 20 
58167.3561863 1.00121683855 0.00157 20 
58167.3564294 0.999191507969 0.00157 20 
58167.3566725 1.00075961601 0.00157 20 
58167.3569271 0.999814290265 0.00157 20 
58167.3571702 1.00276513083 0.00157 20 
58167.3574248 1.00021212567 0.00157 20 
58167.3576678 1.00261084823 0.00157 20 
58167.3579109 1.00011940856 0.00157 20 
58167.3581655 1.00127501168 0.00157 20 
58167.3584086 0.998345439089 0.00157 20 
58167.3586632 0.999852950215 0.00157 20 
58167.3589063 0.998145096023 0.00157 20 
58167.3591609 1.00024753266 0.00157 20 
58167.3594039 1.00146117947 0.00157 20 
58167.359647 0.999031513998 0.00157 20 
58167.3599016 0.997918222938 0.00157 20 
58167.3601447 0.996985163781 0.00157 20 
58167.3603993 1.00165275023 0.00157 20 
58167.3606424 0.998826074367 0.00157 20 
58167.360897 1.00010879759 0.00157 20 
58167.3611401 0.997654549667 0.00157 20 
58167.3613831 0.999712222131 0.00157 20 
58167.3616377 0.99992732459 0.00157 20 
58167.3618808 1.00070702539 0.00157 20 
58167.3621354 1.0019881021 0.00157 20 
58167.3623785 1.00308421944 0.00157 20 
58167.3626331 1.00082322883 0.00157 20 
58167.3628762 1.00125931805 0.00157 20 
58167.3631192 0.999591575295 0.00157 20 
58167.3633738 1.00185072809 0.00157 20 
58167.3636169 0.998434035339 0.00157 20 
58167.3638715 0.998755395479 0.00157 20 
58167.3641146 1.00128227766 0.00157 20 
58167.3643576 0.999216847483 0.00157 20 
58167.3646123 0.999592545563 0.00157 20 
58167.3648553 0.999065297408 0.00157 20 
58167.3651099 1.00020196265 0.00157 20 
58167.365353 1.00002093652 0.00157 20 
58167.3656076 0.999664910848 0.00157 20 
58167.3658507 1.00084415297 0.00157 20 
58167.3660937 0.998912117778 0.00157 20 
58167.3663484 0.998219860576 0.00157 20 
58167.3665914 0.999820363736 0.00157 20 
58167.3668461 0.997467203988 0.00157 20 
58167.3670891 0.998783676825 0.00157 20 
58167.3673437 0.997991277914 0.00157 20 
58167.3675868 1.00100042282 0.00157 20 
58167.3678298 1.00105440563 0.00157 20 
58167.3680845 0.999639466792 0.00157 20 
58167.3683275 0.997187596735 0.00157 20 
58167.3685822 1.00119464501 0.00157 20 
58167.3688252 1.00000005998 0.00157 20 
58167.3690683 0.998578408963 0.00157 20 
58167.3693229 1.00082797663 0.00157 20 
58167.369566 0.997137036364 0.00157 20 
58167.3698206 0.999733012197 0.00157 20 
58167.3700637 1.00085115243 0.00157 20 
58167.3703183 1.00067303602 0.00157 20 
58167.3705613 0.999121705381 0.00157 20 
58167.370816 1.00129476115 0.00157 20 
58167.371059 1.00022028063 0.00157 20 
58167.3713021 1.00051301628 0.00157 20 
58167.3715567 0.997763213764 0.00157 20 
58167.3717998 1.0014647885 0.00157 20 
58167.3720544 0.996074252067 0.00157 20 
58167.3722975 0.999611351799 0.00157 20 
58167.3725405 1.00082493667 0.00157 20 
58167.3727952 0.999285809399 0.00157 20 
58167.3730382 0.998975249445 0.00157 20 
58167.3732928 0.998557287006 0.00157 20 
58167.3735359 0.99647702811 0.00157 20 
58167.3737905 0.997849834514 0.00157 20 
58167.3740336 0.996065242153 0.00157 20 
58167.3742882 0.999548055943 0.00157 20 
58167.3745313 1.00114710279 0.00157 20 
58167.3747859 1.00102580722 0.00157 20 
58167.3750289 0.998477030117 0.00157 20 
58167.3752836 0.995885126355 0.00157 20 
58167.3755266 0.996777249066 0.00157 20 
58167.3757813 0.997916028989 0.00157 20 
58167.3760359 0.997623793853 0.00157 20 
58167.3762789 0.996387589438 0.00157 20 
58167.3765336 0.994080951675 0.00157 20 
58167.3767766 0.99892666718 0.00157 20 
58167.3770197 0.997920793347 0.00157 20 
58167.3772743 0.996026666819 0.00157 20 
58167.3775174 0.998187674185 0.00157 20 
58167.377772 0.995142921337 0.00157 20 
58167.3780151 0.999294174037 0.00157 20 
58167.3782697 0.996654100392 0.00157 20 
58167.3785127 0.996903713265 0.00157 20 
58167.3787558 0.996646387475 0.00157 20 
58167.3790104 0.995279327997 0.00157 20 
58167.3792535 0.994961038375 0.00157 20 
58167.3795081 0.993563095225 0.00157 20 
58167.3797512 0.998096883851 0.00157 20 
58167.3800058 0.995197239008 0.00157 20 
58167.3802488 0.994712461005 0.00157 20 
58167.3804919 0.998397100754 0.00157 20 
58167.3807465 0.99614846696 0.00157 20 
58167.3809896 0.998540437888 0.00157 20 
58167.3812442 0.994043042417 0.00157 20 
58167.3814873 0.991076065787 0.00157 20 
58167.3817303 0.993591157308 0.00157 20 
58167.381985 0.996140576682 0.00157 20 
58167.382228 0.992065082209 0.00157 20 
58167.3824826 0.993333462471 0.00157 20 
58167.3827257 0.993954739924 0.00157 20 
58167.3829803 0.993702202765 0.00157 20 
58167.3832234 0.991014061883 0.00157 20 
58167.3834664 0.991729358713 0.00157 20 
58167.3837211 0.992641118783 0.00157 20 
58167.3839641 0.994703213259 0.00157 20 
58167.3842187 0.990453776044 0.00157 20 
58167.3844618 0.993741200748 0.00157 20 
58167.3847048 0.992953779735 0.00157 20 
58167.3849595 0.992303336731 0.00157 20 
58167.3852025 0.993994373144 0.00157 20 
58167.3854572 0.994165252124 0.00157 20 
58167.3857002 0.990751968233 0.00157 20 
58167.3859549 0.994962160179 0.00157 20 
58167.3861979 0.992961615639 0.00157 20 
58167.386441 0.991883310568 0.00157 20 
58167.3866956 0.99120428314 0.00157 20 
58167.3869386 0.991291529245 0.00157 20 
58167.3871933 0.990533780084 0.00157 20 
58167.3874363 0.991558482109 0.00157 20 
58167.387691 0.992317696631 0.00157 20 
58167.387934 0.99003657008 0.00157 20 
58167.3881771 0.988079638165 0.00157 20 
58167.3884317 0.991153126441 0.00157 20 
58167.3886748 0.991598229353 0.00157 20 
58167.3889294 0.992652078935 0.00157 20 
58167.3891725 0.99156621499 0.00157 20 
58167.3894155 0.990847839925 0.00157 20 
58167.3896702 0.990348028794 0.00157 20 
58167.3899132 0.991555201589 0.00157 20 
58167.3901678 0.990133440849 0.00157 20 
58167.3904109 0.990204146333 0.00157 20 
58167.3906539 0.989943037524 0.00157 20 
58167.3909086 0.99136820451 0.00157 20 
58167.3911516 0.98996429494 0.00157 20 
58167.3914063 0.991108418668 0.00157 20 
58167.3916493 0.992387800374 0.00157 20 
58167.3919039 0.991231512982 0.00157 20 
58167.392147 0.99236380406 0.00157 20 
58167.3923901 0.992010332616 0.00157 20 
58167.3926447 0.989270151502 0.00157 20 
58167.3928877 0.989795551514 0.00157 20 
58167.3931424 0.992761341607 0.00157 20 
58167.3933854 0.988056321247 0.00157 20 
58167.3936285 0.990183219185 0.00157 20 
58167.3938831 0.991041860089 0.00157 20 
58167.3941262 0.990542969071 0.00157 20 
58167.3943808 0.990642614524 0.00157 20 
58167.3946238 0.989935671946 0.00157 20 
58167.3948785 0.990043177409 0.00157 20 
58167.3951215 0.992962753519 0.00157 20 
58167.3953646 0.987214137189 0.00157 20 
58167.3956192 0.98725406422 0.00157 20 
58167.3958623 0.988639448729 0.00157 20 
58167.3961169 0.990750382428 0.00157 20 
58167.3963599 0.990145208717 0.00157 20 
58167.396603 0.989611137093 0.00157 20 
58167.3968576 0.99003516883 0.00157 20 
58167.3971007 0.990472204082 0.00157 20 
58167.3973553 0.989523871035 0.00157 20 
58167.3975984 0.988702421934 0.00157 20 
58167.397853 0.98835306658 0.00157 20 
58167.3980961 0.992267465344 0.00157 20 
58167.3983507 0.98914013766 0.00157 20 
58167.3985937 0.99144639641 0.00157 20 
58167.3988368 0.987311967243 0.00157 20 
58167.3990914 0.988667813317 0.00157 20 
58167.3993345 0.992498055939 0.00157 20 
58167.3995891 0.990839422548 0.00157 20 
58167.3998322 0.989561101816 0.00157 20 
58167.4000752 0.989236472166 0.00157 20 
58167.4003298 0.989844326786 0.00157 20 
58167.4005729 0.990293757405 0.00157 20 
58167.4008275 0.986499906078 0.00157 20 
58167.4010706 0.989794855131 0.00157 20 
58167.4013252 0.990318468016 0.00157 20 
58167.4015683 0.993430473014 0.00157 20 
58167.4018113 0.992714668834 0.00157 20 
58167.402066 0.990182591986 0.00157 20 
58167.402309 0.990717019392 0.00157 20 
58167.4025636 0.986151051046 0.00157 20 
58167.4028067 0.988840915773 0.00157 20 
58167.4030498 0.990054989827 0.00157 20 
58167.4033044 0.986959922947 0.00157 20 
58167.4035475 0.989192681924 0.00157 20 
58167.4038021 0.990314818142 0.00157 20 
58167.4040452 0.989048117421 0.00157 20 
58167.4042998 0.990211219333 0.00157 20 
58167.4045428 0.99128261235 0.00157 20 
58167.4047859 0.988633631697 0.00157 20 
58167.4050405 0.988469467924 0.00157 20 
58167.4052836 0.987442593386 0.00157 20 
58167.4055382 0.989025164313 0.00157 20 
58167.4057813 0.990622426409 0.00157 20 
58167.4060359 0.988761848411 0.00157 20 
58167.4062789 0.989399969925 0.00157 20 
58167.406522 0.988387316801 0.00157 20 
58167.4067766 0.989836746505 0.00157 20 
58167.4070197 0.990758201784 0.00157 20 
58167.4072743 0.987307135389 0.00157 20 
58167.4075174 0.989422932992 0.00157 20 
58167.4077604 0.993020014835 0.00157 20 
58167.4080151 0.988721625349 0.00157 20 
58167.4082581 0.989033096906 0.00157 20 
58167.4085127 0.989724850758 0.00157 20 
58167.4087558 0.986862400372 0.00157 20 
58167.4090104 0.990587381772 0.00157 20 
58167.4092535 0.986675455633 0.00157 20 
58167.4094965 0.987597328255 0.00157 20 
58167.4097512 0.988572338809 0.00157 20 
58167.4099942 0.987466138479 0.00157 20 
58167.4102488 0.991291369172 0.00157 20 
58167.4104919 0.989820297266 0.00157 20 
58167.4107349 0.989267893248 0.00157 20 
58167.4109896 0.988720282144 0.00157 20 
58167.4112326 0.98551094489 0.00157 20 
58167.4114873 0.990711478723 0.00157 20 
58167.4117303 0.989303835926 0.00157 20 
58167.4119849 0.987831712972 0.00157 20 
58167.412228 0.988680452139 0.00157 20 
58167.4124711 0.990289836387 0.00157 20 
58167.4127257 0.986126051377 0.00157 20 
58167.4129687 0.988080632673 0.00157 20 
58167.4132234 0.987910906983 0.00157 20 
58167.4134664 0.987563155044 0.00157 20 
58167.4137095 0.988505932357 0.00157 20 
58167.4139641 0.987829811487 0.00157 20 
58167.4142072 0.989791954405 0.00157 20 
58167.4144618 0.988608071027 0.00157 20 
58167.4147048 0.988602501429 0.00157 20 
58167.4149595 0.988179926821 0.00157 20 
58167.4152025 0.987999195886 0.00157 20 
58167.4154572 0.988406965816 0.00157 20 
58167.4157002 0.986946813707 0.00157 20 
58167.4159548 0.98982494796 0.00157 20 
58167.4161979 0.989789843234 0.00157 20 
58167.4164525 0.988654510418 0.00157 20 
58167.4167072 0.992185516467 0.00157 20 
58167.4169502 0.990062042664 0.00157 20 
58167.4172049 0.986951206657 0.00157 20 
58167.4174479 0.987713789038 0.00157 20 
58167.4177025 0.988195222824 0.00157 20 
58167.4179456 0.986325514987 0.00157 20 
58167.4182002 0.992226045109 0.00157 20 
58167.4184433 0.987610678544 0.00157 20 
58167.4186979 0.986851799137 0.00157 20 
58167.418941 0.989216449811 0.00157 20 
58167.4191956 0.98785618277 0.00157 20 
58167.4194386 0.988846769717 0.00157 20 
58167.4196817 0.989589459047 0.00157 20 
58167.4199363 0.989081420595 0.00157 20 
58167.4201794 0.989576513711 0.00157 20 
58167.420434 0.990249219128 0.00157 20 
58167.4206771 0.987865450099 0.00157 20 
58167.4209202 0.988383457619 0.00157 20 
58167.4211748 0.987703022868 0.00157 20 
58167.4214178 0.989269522268 0.00157 20 
58167.4216725 0.987964129488 0.00157 20 
58167.4219155 0.989900018906 0.00157 20 
58167.4221702 0.987384513668 0.00157 20 
58167.4224132 0.990699641309 0.00157 20 
58167.4226563 0.986982599702 0.00157 20 
58167.4229109 0.989382238528 0.00157 20 
58167.4231539 0.986341361422 0.00157 20 
58167.4234086 0.988777648722 0.00157 20 
58167.4236516 0.990507349169 0.00157 20 
58167.4238947 0.988109746966 0.00157 20 
58167.4241493 0.98918837237 0.00157 20 
58167.4243924 0.98836367098 0.00157 20 
58167.424647 0.988375309306 0.00157 20 
58167.4248901 0.984628034949 0.00157 20 
58167.4251447 0.989476459329 0.00157 20 
58167.4253877 0.986055723487 0.00157 20 
58167.4256308 0.98789332177 0.00157 20 
58167.4258854 0.986925464687 0.00157 20 
58167.4261285 0.992081664141 0.00157 20 
58167.4263831 0.987852243955 0.00157 20 
58167.4266262 0.985998187287 0.00157 20 
58167.4268692 0.989732054668 0.00157 20 
58167.4271238 0.98554629131 0.00157 20 
58167.4273669 0.986789865748 0.00157 20 
58167.4276215 0.988928620245 0.00157 20 
58167.4278646 0.992548348103 0.00157 20 
58167.4281076 0.990584718667 0.00157 20 
58167.4283623 0.987599550008 0.00157 20 
58167.4286053 0.98543170261 0.00157 20 
58167.42886 0.988271563637 0.00157 20 
58167.429103 0.989008186332 0.00157 20 
58167.4293576 0.988791844255 0.00157 20 
58167.4296007 0.988002007251 0.00157 20 
58167.4298437 0.989623701973 0.00157 20 
58167.4300984 0.986145602154 0.00157 20 
58167.4303414 0.98981704922 0.00157 20 
58167.4305961 0.988311717314 0.00157 20 
58167.4308391 0.989711407488 0.00157 20 
58167.4310937 0.985866145914 0.00157 20 
58167.4313368 0.986503693364 0.00157 20 
58167.4315798 0.988349720671 0.00157 20 
58167.4318345 0.988997978014 0.00157 20 
58167.4320775 0.986639476674 0.00157 20 
58167.4323322 0.988289800798 0.00157 20 
58167.4325752 0.988701720442 0.00157 20 
58167.4328183 0.986126828423 0.00157 20 
58167.4330729 0.988543529471 0.00157 20 
58167.433316 0.987711693185 0.00157 20 
58167.4335706 0.988224547643 0.00157 20 
58167.4338136 0.988921047844 0.00157 20 
58167.4340567 0.986336086657 0.00157 20 
58167.4343113 0.986934386258 0.00157 20 
58167.4345544 0.990171705656 0.00157 20 
58167.434809 0.990402031659 0.00157 20 
58167.4350521 0.986855773339 0.00157 20 
58167.4352952 0.989363111045 0.00157 20 
58167.4355498 0.991241265286 0.00157 20 
58167.4357928 0.993314310275 0.00157 20 
58167.4360475 0.987087109715 0.00157 20 
58167.4362905 0.98702143377 0.00157 20 
58167.4365336 0.987286263433 0.00157 20 
58167.4367882 0.991721401041 0.00157 20 
58167.4370313 0.984549413217 0.00157 20 
58167.4372859 0.989249110543 0.00157 20 
58167.4375289 0.988329683114 0.00157 20 
58167.4377836 0.990775620851 0.00157 20 
58167.4380266 0.990155940192 0.00157 20 
58167.4382697 0.987686304579 0.00157 20 
58167.4385243 0.989452678314 0.00157 20 
58167.4387674 0.988803564353 0.00157 20 
58167.439022 0.986097315363 0.00157 20 
58167.4392651 0.988699509043 0.00157 20 
58167.4395081 0.985033624793 0.00157 20 
58167.4397627 0.990590927273 0.00157 20 
58167.4400058 0.986838364715 0.00157 20 
58167.4402604 0.990049580264 0.00157 20 
58167.4405035 0.989083124804 0.00157 20 
58167.4407581 0.988083990858 0.00157 20 
58167.4410012 0.98874832917 0.00157 20 
58167.4412442 0.988669550902 0.00157 20 
58167.4414988 0.986832791933 0.00157 20 
58167.4417419 0.991060678493 0.00157 20 
58167.4419965 0.992430391982 0.00157 20 
58167.4422396 0.992084773705 0.00157 20 
58167.4424826 0.988396590188 0.00157 20 
58167.4427373 0.988714635606 0.00157 20 
58167.4429803 0.987186037962 0.00157 20 
58167.4432349 0.989299115578 0.00157 20 
58167.443478 0.992920035305 0.00157 20 
58167.4437326 0.988142122262 0.00157 20 
58167.4439757 0.987983678262 0.00157 20 
58167.4442187 0.989566915528 0.00157 20 
58167.4444734 0.987515134538 0.00157 20 
58167.4447164 0.990469516493 0.00157 20 
58167.4449711 0.987019982129 0.00157 20 
58167.4452141 0.987404707473 0.00157 20 
58167.4454687 0.990131579215 0.00157 20 
58167.4457118 0.987437801486 0.00157 20 
58167.4459548 0.986169895683 0.00157 20 
58167.4462095 0.987291524933 0.00157 20 
58167.4464525 0.98882074156 0.00157 20 
58167.4467072 0.988353799516 0.00157 20 
58167.4469502 0.989472612166 0.00157 20 
58167.4472048 0.986431071476 0.00157 20 
58167.4474479 0.985908067697 0.00157 20 
58167.447691 0.989691685864 0.00157 20 
58167.4479456 0.986442133555 0.00157 20 
58167.4481887 0.988926878992 0.00157 20 
58167.4484433 0.989947960755 0.00157 20 
58167.4486863 0.987859671218 0.00157 20 
58167.4489294 0.990288333144 0.00157 20 
58167.449184 0.984536897408 0.00157 20 
58167.4494271 0.990349917498 0.00157 20 
58167.4496817 0.990678150882 0.00157 20 
58167.4499248 0.985564945373 0.00157 20 
58167.4501794 0.984495456209 0.00157 20 
58167.4504225 0.987890452567 0.00157 20 
58167.4506655 0.985256025793 0.00157 20 
58167.4509202 0.988661945311 0.00157 20 
58167.4511632 0.987488169026 0.00157 20 
58167.4514178 0.989253533963 0.00157 20 
58167.4516609 0.985792877952 0.00157 20 
58167.4519039 0.9879938822 0.00157 20 
58167.4521586 0.989181182015 0.00157 20 
58167.4524016 0.988539881503 0.00157 20 
58167.4526563 0.987752464566 0.00157 20 
58167.4528993 0.988695912096 0.00157 20 
58167.4531539 0.990471317624 0.00157 20 
58167.453397 0.990536428587 0.00157 20 
58167.45364 0.987814437488 0.00157 20 
58167.4538947 0.986612529775 0.00157 20 
58167.4541377 0.989080249532 0.00157 20 
58167.4543924 0.988992832031 0.00157 20 
58167.4546354 0.98528179963 0.00157 20 
58167.4548785 0.989298233697 0.00157 20 
58167.4551331 0.988449728954 0.00157 20 
58167.4553762 0.990429033858 0.00157 20 
58167.4556308 0.98846089172 0.00157 20 
58167.4558738 0.988191902734 0.00157 20 
58167.4561285 0.991283847752 0.00157 20 
58167.4563715 0.988741983287 0.00157 20 
58167.4566146 0.988603013386 0.00157 20 
58167.4568692 0.990788877858 0.00157 20 
58167.4571123 0.987949998503 0.00157 20 
58167.4573669 0.986746384181 0.00157 20 
58167.4576099 0.988726967348 0.00157 20 
58167.4578646 0.98603247982 0.00157 20 
58167.4581192 0.991072037608 0.00157 20 
58167.4583623 0.988668577268 0.00157 20 
58167.4586169 0.98802446462 0.00157 20 
58167.4588599 0.988150454136 0.00157 20 
58167.4591146 0.987826941984 0.00157 20 
58167.4593576 0.988902786367 0.00157 20 
58167.4596123 0.987120327584 0.00157 20 
58167.4598669 0.987049495906 0.00157 20 
58167.46011 0.988818819989 0.00157 20 
58167.460353 0.987854637715 0.00157 20 
58167.4606076 0.985850473087 0.00157 20 
58167.4608507 0.990293438018 0.00157 20 
58167.4611053 0.988692124474 0.00157 20 
58167.4613484 0.987899684216 0.00157 20 
58167.461603 0.988209626644 0.00157 20 
58167.4618461 0.990411676123 0.00157 20 
58167.4620891 0.987898026253 0.00157 20 
58167.4623437 0.984046869148 0.00157 20 
58167.4625868 0.987684749362 0.00157 20 
58167.4628414 0.988889911576 0.00157 20 
58167.4630845 0.987555484451 0.00157 20 
58167.4633391 0.988713925919 0.00157 20 
58167.4635822 0.989058218996 0.00157 20 
58167.4638252 0.985684195649 0.00157 20 
58167.4640799 0.987044323595 0.00157 20 
58167.4643229 0.984924099619 0.00157 20 
58167.4645775 0.989342778205 0.00157 20 
58167.4648206 0.986945522217 0.00157 20 
58167.4650752 0.98926030424 0.00157 20 
58167.4653183 0.991282858427 0.00157 20 
58167.4655613 0.984926976377 0.00157 20 
58167.465816 0.988823450204 0.00157 20 
58167.466059 0.988524399933 0.00157 20 
58167.4663136 0.988179607987 0.00157 20 
58167.4665567 0.98865622061 0.00157 20 
58167.4667998 0.988560297996 0.00157 20 
58167.4670544 0.988064073127 0.00157 20 
58167.4672975 0.985914036098 0.00157 20 
58167.4675521 0.988211695626 0.00157 20 
58167.4677952 0.988316562663 0.00157 20 
58167.4680498 0.990037812118 0.00157 20 
58167.4682928 0.989282867787 0.00157 20 
58167.4685359 0.987922344538 0.00157 20 
58167.4687905 0.988582550274 0.00157 20 
58167.4690336 0.987666789818 0.00157 20 
58167.4692882 0.989947095831 0.00157 20 
58167.4695313 0.99019459193 0.00157 20 
58167.4697859 0.989906280721 0.00157 20 
58167.4700289 0.988127945395 0.00157 20 
58167.470272 0.98860292697 0.00157 20 
58167.4705266 0.98879579512 0.00157 20 
58167.4707697 0.990236668407 0.00157 20 
58167.4710243 0.989716311449 0.00157 20 
58167.4712674 0.985895007681 0.00157 20 
58167.471522 0.99183868838 0.00157 20 
58167.4717651 0.990422691935 0.00157 20 
58167.4720081 0.988582035292 0.00157 20 
58167.4722627 0.98759918608 0.00157 20 
58167.4725058 0.986929804496 0.00157 20 
58167.4727604 0.989467283278 0.00157 20 
58167.4730035 0.985195114549 0.00157 20 
58167.4732581 0.992216783014 0.00157 20 
58167.4735012 0.991158434776 0.00157 20 
58167.4737442 0.990815794914 0.00157 20 
58167.4739988 0.986821231938 0.00157 20 
58167.4742419 0.987701795686 0.00157 20 
58167.4744965 0.988995393923 0.00157 20 
58167.4747396 0.987994283221 0.00157 20 
58167.4749826 0.986891585551 0.00157 20 
58167.4752373 0.990291966958 0.00157 20 
58167.4754803 0.987783394143 0.00157 20 
58167.475735 0.987241119333 0.00157 20 
58167.475978 0.986206272953 0.00157 20 
58167.4762326 0.987930218837 0.00157 20 
58167.4764757 0.992440896993 0.00157 20 
58167.4767187 0.989264052006 0.00157 20 
58167.4769734 0.993232348021 0.00157 20 
58167.4772164 0.988925821305 0.00157 20 
58167.4774711 0.985698157241 0.00157 20 
58167.4777141 0.989576621015 0.00157 20 
58167.4779572 0.989150171713 0.00157 20 
58167.4782118 0.992013359507 0.00157 20 
58167.4784548 0.98791519914 0.00157 20 
58167.4787095 0.991089495153 0.00157 20 
58167.4789525 0.988130448357 0.00157 20 
58167.4792072 0.989787473986 0.00157 20 
58167.4794502 0.989374217635 0.00157 20 
58167.4797049 0.988650009897 0.00157 20 
58167.4799479 0.988213128464 0.00157 20 
58167.480191 0.988933448054 0.00157 20 
58167.4804456 0.989171330359 0.00157 20 
58167.4806886 0.988836458456 0.00157 20 
58167.4809433 0.988559339744 0.00157 20 
58167.4811863 0.987976690693 0.00157 20 
58167.481441 0.987367436249 0.00157 20 
58167.481684 0.989988408526 0.00157 20 
58167.4819386 0.990398395553 0.00157 20 
58167.4821817 0.984446558253 0.00157 20 
58167.4824248 0.991184267002 0.00157 20 
58167.4826794 0.990399522197 0.00157 20 
58167.4829225 0.989553454026 0.00157 20 
58167.4831771 0.990808130402 0.00157 20 
58167.4834202 0.987984752872 0.00157 20 
58167.4836748 0.989819540617 0.00157 20 
58167.4839178 0.990525591038 0.00157 20 
58167.4841609 0.98963330415 0.00157 20 
58167.4844155 0.989150606273 0.00157 20 
58167.4846586 0.986956620722 0.00157 20 
58167.4849132 0.988678651386 0.00157 20 
58167.4851563 0.987967490937 0.00157 20 
58167.4854109 0.989375356457 0.00157 20 
58167.4856539 0.988551583275 0.00157 20 
58167.485897 0.989020768576 0.00157 20 
58167.4861516 0.9878099067 0.00157 20 
58167.4863947 0.991709367168 0.00157 20 
58167.4866493 0.98802127049 0.00157 20 
58167.4868924 0.989896467291 0.00157 20 
58167.487147 0.98819052296 0.00157 20 
58167.4873901 0.985501808118 0.00157 20 
58167.4876331 0.987459894766 0.00157 20 
58167.4878877 0.990387860543 0.00157 20 
58167.4881308 0.984091517366 0.00157 20 
58167.4883854 0.989156414218 0.00157 20 
58167.4886285 0.989819278122 0.00157 20 
58167.4888831 0.990958359536 0.00157 20 
58167.4891262 0.989102124576 0.00157 20 
58167.4893692 0.985314189214 0.00157 20 
58167.4896238 0.992145468565 0.00157 20 
58167.4898669 0.987867268568 0.00157 20 
58167.4901215 0.985179101246 0.00157 20 
58167.4903646 0.990556440914 0.00157 20 
58167.4906192 0.990671658369 0.00157 20 
58167.4908623 0.990121626045 0.00157 20 
58167.4911053 0.989046795194 0.00157 20 
58167.49136 0.987017083641 0.00157 20 
58167.491603 0.988243001733 0.00157 20 
58167.4918576 0.990945840151 0.00157 20 
58167.4921007 0.991781463787 0.00157 20 
58167.4923437 0.990192500894 0.00157 20 
58167.4925984 0.986423204821 0.00157 20 
58167.4928414 0.986896938311 0.00157 20 
58167.4930961 0.987664664462 0.00157 20 
58167.4933391 0.988885044248 0.00157 20 
58167.4935937 0.989194074337 0.00157 20 
58167.4938368 0.989734695333 0.00157 20 
58167.4940798 0.988951931506 0.00157 20 
58167.4943345 0.990656184861 0.00157 20 
58167.4945775 0.990872053773 0.00157 20 
58167.4948322 0.988418999157 0.00157 20 
58167.4950752 0.989788331077 0.00157 20 
58167.4953183 0.990717380462 0.00157 20 
58167.4955729 0.98788032649 0.00157 20 
58167.495816 0.988454786586 0.00157 20 
58167.4960706 0.990762561659 0.00157 20 
58167.4963136 0.990589389935 0.00157 20 
58167.4965683 0.986317512299 0.00157 20 
58167.4968113 0.991579485238 0.00157 20 
58167.4970544 0.990005127192 0.00157 20 
58167.497309 0.98872278936 0.00157 20 
58167.4975521 0.988135364452 0.00157 20 
58167.4978067 0.991221962191 0.00157 20 
58167.4980498 0.990594460092 0.00157 20 
58167.4983044 0.986203188276 0.00157 20 
58167.4985475 0.988932854844 0.00157 20 
58167.4988021 0.990905420717 0.00157 20 
58167.4990452 0.989930936914 0.00157 20 
58167.4992998 0.991147025797 0.00157 20 
58167.4995428 0.984095198586 0.00157 20 
58167.4997975 0.99039166635 0.00157 20 
58167.5000405 0.991526600676 0.00157 20 
58167.5002952 0.988710528531 0.00157 20 
58167.5005382 0.991995456595 0.00157 20 
58167.5007928 0.988946284296 0.00157 20 
58167.5010359 0.989456322983 0.00157 20 
58167.5012905 0.990119774702 0.00157 20 
58167.5015336 0.985783069633 0.00157 20 
58167.5017882 0.995679719973 0.00157 20 
58167.5020313 0.98838892527 0.00157 20 
58167.5022859 0.99028674274 0.00157 20 
58167.5025289 0.988224922399 0.00157 20 
58167.5027836 0.987120447176 0.00157 20 
58167.5030266 0.989938835792 0.00157 20 
58167.5032697 0.989487066732 0.00157 20 
58167.5035243 0.990307375667 0.00157 20 
58167.5037674 0.988769611458 0.00157 20 
58167.504022 0.990840670117 0.00157 20 
58167.5042651 0.989025244338 0.00157 20 
58167.5045081 0.990308650498 0.00157 20 
58167.5047627 0.990074615556 0.00157 20 
58167.5050058 0.991611023103 0.00157 20 
58167.5052604 0.991331981011 0.00157 20 
58167.5055035 0.988192176626 0.00157 20 
58167.5057581 0.988459090111 0.00157 20 
58167.5060012 0.989231248433 0.00157 20 
58167.5062442 0.993712446416 0.00157 20 
58167.5064988 0.988631985458 0.00157 20 
58167.5067419 0.984280745742 0.00157 20 
58167.5069965 0.991906264674 0.00157 20 
58167.5072396 0.985648396803 0.00157 20 
58167.5074942 0.992058529812 0.00157 20 
58167.5077373 0.987579434601 0.00157 20 
58167.5079803 0.98910423918 0.00157 20 
58167.508235 0.991426151423 0.00157 20 
58167.508478 0.991165677292 0.00157 20 
58167.5087326 0.990720104307 0.00157 20 
58167.5089757 0.987599395017 0.00157 20 
58167.5092187 0.988753287289 0.00157 20 
58167.5094734 0.986506604796 0.00157 20 
58167.5097164 0.992478675793 0.00157 20 
58167.5099711 0.991971672401 0.00157 20 
58167.5102141 0.989366344738 0.00157 20 
58188.3454572 0.997757905861 0.00259 12 
58188.3456076 1.00026164488 0.00259 12 
58188.3457581 0.996338369808 0.00259 12 
58188.3459086 1.0001591941 0.00259 12 
58188.346059 1.00135194854 0.00259 12 
58188.3462095 0.999727848878 0.00259 12 
58188.3463715 0.998918553594 0.00259 12 
58188.346522 0.997587209124 0.00259 12 
58188.3466724 1.00292222206 0.00259 12 
58188.3468345 0.999947920129 0.00259 12 
58188.3469849 0.999578732379 0.00259 12 
58188.3471354 0.998464319725 0.00259 12 
58188.3472975 1.00281914416 0.00259 12 
58188.3474479 0.999674849717 0.00259 12 
58188.3475984 1.00233808641 0.00259 12 
58188.3477488 1.00095176627 0.00259 12 
58188.3479109 1.00263630916 0.00259 12 
58188.3480613 0.999353479944 0.00259 12 
58188.3482118 0.998095614749 0.00259 12 
58188.3483739 1.00291554592 0.00259 12 
58188.3485243 1.00108079136 0.00259 12 
58188.3486748 1.00148671054 0.00259 12 
58188.3488368 0.998040162056 0.00259 12 
58188.3489873 0.996651861312 0.00259 12 
58188.3491377 1.00221236128 0.00259 12 
58188.3492882 1.00400984333 0.00259 12 
58188.3494387 0.997888398161 0.00259 12 
58188.3496007 0.999265442366 0.00259 12 
58188.3497512 1.0024069054 0.00259 12 
58188.3499016 0.997301493346 0.00259 12 
58188.3500521 1.00010427942 0.00259 12 
58188.3502026 1.00131129655 0.00259 12 
58188.350353 0.99907021222 0.00259 12 
58188.3505035 1.00121001553 0.00259 12 
58188.3506655 0.999662874496 0.00259 12 
58188.350816 0.997851006839 0.00259 12 
58188.3509664 0.999899447794 0.00259 12 
58188.3511169 0.999114905688 0.00259 12 
58188.3512674 0.998013476102 0.00259 12 
58188.3514178 0.997474164579 0.00259 12 
58188.3515683 0.997272987598 0.00259 12 
58188.3517303 1.00275309395 0.00259 12 
58188.3518808 0.99695691024 0.00259 12 
58188.3520428 1.00080057496 0.00259 12 
58188.3521933 1.00182177068 0.00259 12 
58188.3523438 1.00191568473 0.00259 12 
58188.3525058 0.998421431744 0.00259 12 
58188.3526562 1.00078910892 0.00259 12 
58188.3528067 1.00013157332 0.00259 12 
58188.3529572 0.999058943946 0.00259 12 
58188.3531192 0.997620709002 0.00259 12 
58188.3532697 0.997015304135 0.00259 12 
58188.3534201 1.00163221219 0.00259 12 
58188.3535822 1.00202001159 0.00259 12 
58188.3537326 0.999804646692 0.00259 12 
58188.3538831 1.0021396152 0.00259 12 
58188.3540336 0.999955810777 0.00259 12 
58188.3541956 0.999821458012 0.00259 12 
58188.3543461 0.997043354325 0.00259 12 
58188.3544965 0.999287041993 0.00259 12 
58188.354647 1.00103840088 0.00259 12 
58188.3547974 1.0009983546 0.00259 12 
58188.3549479 1.00170500347 0.00259 12 
58188.3550984 1.00254806631 0.00259 12 
58188.3552488 0.99896198836 0.00259 12 
58188.3553993 0.99715540885 0.00259 12 
58188.3555613 0.997984767464 0.00259 12 
58188.3557118 1.00083976386 0.00259 12 
58188.3558623 0.998747949038 0.00259 12 
58188.3560127 0.999769539291 0.00259 12 
58188.3561632 1.00149465049 0.00259 12 
58188.3563252 0.999192126735 0.00259 12 
58188.3564757 0.998497198158 0.00259 12 
58188.3566261 1.00184560393 0.00259 12 
58188.3567882 0.999266471191 0.00259 12 
58188.3569387 1.00310344384 0.00259 12 
58188.3570891 1.00055898628 0.00259 12 
58188.3572512 1.00177475604 0.00259 12 
58188.3574016 0.999928559754 0.00259 12 
58188.3575521 1.00140846629 0.00259 12 
58188.3577025 0.995332196081 0.00259 12 
58188.3578646 1.00291434908 0.00259 12 
58188.3580151 1.00040943145 0.00259 12 
58188.3581655 0.999481933574 0.00259 12 
58188.3583275 0.996523800526 0.00259 12 
58188.358478 1.00315747107 0.00259 12 
58188.3586285 1.00023479597 0.00259 12 
58188.3587789 1.00368683506 0.00259 12 
58188.3589294 0.999778247979 0.00259 12 
58188.3590914 0.995422426735 0.00259 12 
58188.3592419 1.00201743564 0.00259 12 
58188.3593924 0.99755088742 0.00259 12 
58188.3595544 1.00040835433 0.00259 12 
58188.3597048 1.00158333313 0.00259 12 
58188.3598553 1.00313882826 0.00259 12 
58188.3600174 1.00087408566 0.00259 12 
58188.3601678 0.995999772176 0.00259 12 
58188.3603183 1.00063288541 0.00259 12 
58188.3604803 1.0030414206 0.00259 12 
58188.3606308 0.999128830442 0.00259 12 
58188.3607812 1.00143246929 0.00259 12 
58188.3609317 0.999427779544 0.00259 12 
58188.3610938 0.998349653767 0.00259 12 
58188.3612442 1.00072426061 0.00259 12 
58188.3613947 1.00419669892 0.00259 12 
58188.3615567 1.00379644696 0.00259 12 
58188.3617072 1.00089077682 0.00259 12 
58188.3618576 1.00107121224 0.00259 12 
58188.3620081 0.998314082024 0.00259 12 
58188.3621586 1.00027676009 0.00259 12 
58188.362309 1.00168520792 0.00259 12 
58188.3624595 0.997121997284 0.00259 12 
58188.3626215 0.998784482043 0.00259 12 
58188.362772 0.999157004636 0.00259 12 
58188.3629225 1.00590399319 0.00259 12 
58188.3630729 0.999955918973 0.00259 12 
58188.3632234 0.996470496558 0.00259 12 
58188.3633738 0.999946029947 0.00259 12 
58188.3635243 1.00358195539 0.00259 12 
58188.3636748 0.996725334995 0.00259 12 
58188.3638252 1.00026651921 0.00259 12 
58188.3639757 0.997316700053 0.00259 12 
58188.3641377 0.998097765729 0.00259 12 
58188.3642882 0.997790938465 0.00259 12 
58188.3644386 1.00120630017 0.00259 12 
58188.3645891 0.99768172023 0.00259 12 
58188.3647396 0.999983075971 0.00259 12 
58188.36489 0.99961726351 0.00259 12 
58188.3650405 0.999892302897 0.00259 12 
58188.3652025 0.99957828753 0.00259 12 
58188.365353 1.00066701137 0.00259 12 
58188.3655035 0.998049537125 0.00259 12 
58188.3656539 0.999250145118 0.00259 12 
58188.365816 1.00013964548 0.00259 12 
58188.3659664 0.997108931554 0.00259 12 
58188.3661169 1.00092999532 0.00259 12 
58188.3662789 0.996510682019 0.00259 12 
58188.3664294 0.996202558521 0.00259 12 
58188.3665799 1.00470805025 0.00259 12 
58188.3667303 1.00487183693 0.00259 12 
58188.3668808 1.00252669911 0.00259 12 
58188.3670312 0.9953375807 0.00259 12 
58188.3671933 1.00438532062 0.00259 12 
58188.3673437 0.996626011859 0.00259 12 
58188.3674942 1.00067423437 0.00259 12 
58188.3676447 0.996350944436 0.00259 12 
58188.3678067 1.00024798738 0.00259 12 
58188.3679572 1.00108605062 0.00259 12 
58188.3681076 1.00256123574 0.00259 12 
58188.3682697 1.00188362041 0.00259 12 
58188.3684201 0.999513904286 0.00259 12 
58188.3685706 0.998238615977 0.00259 12 
58188.3687211 1.00152368641 0.00259 12 
58188.3688831 0.999328672073 0.00259 12 
58188.3690336 0.995731613581 0.00259 12 
58188.369184 0.996008659726 0.00259 12 
58188.3693461 0.998901839976 0.00259 12 
58188.3694965 1.00519654608 0.00259 12 
58188.369647 1.00192174006 0.00259 12 
58188.369809 0.998283584628 0.00259 12 
58188.3699595 1.00228579177 0.00259 12 
58188.3701099 1.00112352379 0.00259 12 
58188.3702604 0.999320319935 0.00259 12 
58188.3704224 1.00072294205 0.00259 12 
58188.3705729 1.00219947762 0.00259 12 
58188.3707234 0.995861086113 0.00259 12 
58188.3708854 1.00107706942 0.00259 12 
58188.3710359 1.00081390182 0.00259 12 
58188.3711863 0.997736775666 0.00259 12 
58188.3713484 0.998965829234 0.00259 12 
58188.3714988 1.00136775882 0.00259 12 
58188.3716493 0.998045124517 0.00259 12 
58188.3717998 0.999743059806 0.00259 12 
58188.3719618 0.997596137436 0.00259 12 
58188.3721123 1.00225214981 0.00259 12 
58188.3722627 1.00047913583 0.00259 12 
58188.3724248 1.00033790387 0.00259 12 
58188.3725752 0.998882569722 0.00259 12 
58188.3727257 1.00636204719 0.00259 12 
58188.3728762 0.999044686772 0.00259 12 
58188.3730382 0.99783041412 0.00259 12 
58188.3731887 0.998497064934 0.00259 12 
58188.3733391 0.994575784245 0.00259 12 
58188.3735011 1.00276221234 0.00259 12 
58188.3736516 1.00074450785 0.00259 12 
58188.3738021 0.999174303918 0.00259 12 
58188.3739641 0.998214179019 0.00259 12 
58188.3741146 0.999737692484 0.00259 12 
58188.374265 1.00660074161 0.00259 12 
58188.3744155 1.00261342491 0.00259 12 
58188.3745775 0.993895496035 0.00259 12 
58188.374728 0.99934383545 0.00259 12 
58188.3748785 0.994897935009 0.00259 12 
58188.3750405 0.996718800933 0.00259 12 
58188.375191 1.00098515334 0.00259 12 
58188.3753414 0.998550388883 0.00259 12 
58188.3755035 1.00220286712 0.00259 12 
58188.3756539 1.00094407954 0.00259 12 
58188.3758044 1.00136941561 0.00259 12 
58188.3759664 0.999358724166 0.00259 12 
58188.3761169 1.00707470316 0.00259 12 
58188.3762674 1.00416385203 0.00259 12 
58188.3764294 0.998706295512 0.00259 12 
58188.3765799 0.996266578361 0.00259 12 
58188.3767303 1.00345713098 0.00259 12 
58188.3768924 1.00311916137 0.00259 12 
58188.3770428 1.00101380202 0.00259 12 
58188.3771933 1.00209340147 0.00259 12 
58188.3773553 0.994956529248 0.00259 12 
58188.3775058 0.998409544795 0.00259 12 
58188.3776562 1.00065093773 0.00259 12 
58188.3778183 1.00844871829 0.00259 12 
58188.3779688 0.995689956939 0.00259 12 
58188.3781192 0.996144634619 0.00259 12 
58188.3782813 1.0044511444 0.00259 12 
58188.3784317 1.00282071229 0.00259 12 
58188.3785822 1.00183872192 0.00259 12 
58188.3787326 0.998076325704 0.00259 12 
58188.3788831 0.998514403895 0.00259 12 
58188.3790452 1.00158322614 0.00259 12 
58188.3791956 1.00135289517 0.00259 12 
58188.3793461 1.00463959189 0.00259 12 
58188.3794965 0.999430074551 0.00259 12 
58188.379647 0.996530938445 0.00259 12 
58188.3797975 0.993873603499 0.00259 12 
58188.3799479 0.998954253602 0.00259 12 
58188.38011 1.00259051847 0.00259 12 
58188.3802604 0.999532279536 0.00259 12 
58188.3804109 0.997884192447 0.00259 12 
58188.3805613 1.00209342902 0.00259 12 
58188.3807118 0.996170684355 0.00259 12 
58188.3808623 0.998610411391 0.00259 12 
58188.3810127 0.99884410476 0.00259 12 
58188.3811632 1.00332238609 0.00259 12 
58188.3813252 0.999573985958 0.00259 12 
58188.3814757 0.996133691007 0.00259 12 
58188.3816262 0.999874493532 0.00259 12 
58188.3817766 1.0009034218 0.00259 12 
58188.3819271 0.995422804067 0.00259 12 
58188.3820775 1.00304332262 0.00259 12 
58188.382228 1.00188633788 0.00259 12 
58188.3823785 1.00092981831 0.00259 12 
58188.3825405 0.998815355525 0.00259 12 
58188.382691 1.00103728271 0.00259 12 
58188.3828414 0.999253727104 0.00259 12 
58188.3829919 0.99873069845 0.00259 12 
58188.3831423 1.00021124004 0.00259 12 
58188.3833044 1.00099490647 0.00259 12 
58188.3834549 1.00154666969 0.00259 12 
58188.3836053 1.00003343212 0.00259 12 
58188.3837674 1.00006697061 0.00259 12 
58188.3839178 0.999096905377 0.00259 12 
58188.3840683 1.00214361957 0.00259 12 
58188.3842303 1.00192182241 0.00259 12 
58188.3843808 1.00487454525 0.00259 12 
58188.3845313 1.00085258917 0.00259 12 
58188.3846933 1.00343411279 0.00259 12 
58188.3848438 1.00207854036 0.00259 12 
58188.3849942 0.999604146786 0.00259 12 
58188.3851447 0.999854171691 0.00259 12 
58188.3852951 0.997903322582 0.00259 12 
58188.3854572 0.998014564567 0.00259 12 
58188.3856076 0.999543872993 0.00259 12 
58188.3857581 1.00454451314 0.00259 12 
58188.3859201 1.00212642613 0.00259 12 
58188.3860706 0.999940410384 0.00259 12 
58188.3862211 1.00301076123 0.00259 12 
58188.3863831 0.997212134387 0.00259 12 
58188.3865336 0.997726581587 0.00259 12 
58188.386684 0.996167924901 0.00259 12 
58188.3868345 0.996199769652 0.00259 12 
58188.3869965 0.999093384215 0.00259 12 
58188.387147 0.998443299777 0.00259 12 
58188.3872974 0.994884987208 0.00259 12 
58188.3874595 0.998013492024 0.00259 12 
58188.38761 1.00538965449 0.00259 12 
58188.3877604 1.00418747545 0.00259 12 
58188.3879225 1.00202642154 0.00259 12 
58188.3880729 1.00251374837 0.00259 12 
58188.3882234 0.99866433431 0.00259 12 
58188.3883854 0.995728210789 0.00259 12 
58188.3885359 0.996727332557 0.00259 12 
58188.3886864 0.997191457205 0.00259 12 
58188.3888368 1.00293343006 0.00259 12 
58188.3889988 1.00150947711 0.00259 12 
58188.3891493 0.998128098066 0.00259 12 
58188.3892998 0.99762978249 0.00259 12 
58188.3894618 0.997912417247 0.00259 12 
58188.3896123 1.00025419584 0.00259 12 
58188.3897627 1.00065879546 0.00259 12 
58188.3899132 1.00188365114 0.00259 12 
58188.3900752 1.00013637518 0.00259 12 
58188.3902257 0.996748646862 0.00259 12 
58188.3903761 0.997678766497 0.00259 12 
58188.3905382 1.00000876435 0.00259 12 
58188.3906887 0.999448408051 0.00259 12 
58188.3908391 1.00005812679 0.00259 12 
58188.3909896 0.99057009016 0.00259 12 
58188.3911516 0.997030558804 0.00259 12 
58188.3913021 0.998493183886 0.00259 12 
58188.3914525 0.99946264232 0.00259 12 
58188.3916146 0.999354490253 0.00259 12 
58188.3917651 0.997984814577 0.00259 12 
58188.3919155 0.997139769247 0.00259 12 
58188.3920776 0.997603343492 0.00259 12 
58188.392228 0.992971281915 0.00259 12 
58188.3923785 0.997832172672 0.00259 12 
58188.3925289 0.995559188134 0.00259 12 
58188.392691 0.99904524984 0.00259 12 
58188.3928414 0.999157753658 0.00259 12 
58188.3929919 0.998482150589 0.00259 12 
58188.3931539 0.995164519119 0.00259 12 
58188.3933044 0.990824579652 0.00259 12 
58188.3934549 0.997952880498 0.00259 12 
58188.3936169 0.996997017089 0.00259 12 
58188.3937674 0.998948213793 0.00259 12 
58188.3939178 0.996348622719 0.00259 12 
58188.3940683 1.00138375374 0.00259 12 
58188.3942303 0.997981535218 0.00259 12 
58188.3943808 0.994759599127 0.00259 12 
58188.3945312 0.997821056671 0.00259 12 
58188.3946933 0.997455320152 0.00259 12 
58188.3948438 0.99662937624 0.00259 12 
58188.3949942 0.993028531941 0.00259 12 
58188.3951563 0.991914476378 0.00259 12 
58188.3953067 0.996680957527 0.00259 12 
58188.3954572 0.994011699884 0.00259 12 
58188.3956076 0.993787718039 0.00259 12 
58188.3957697 0.996133326297 0.00259 12 
58188.3959202 0.993826101018 0.00259 12 
58188.3960706 0.999784282192 0.00259 12 
58188.3962326 0.997480304199 0.00259 12 
58188.3963831 0.997484835887 0.00259 12 
58188.3965336 0.997355136197 0.00259 12 
58188.396684 0.994200385881 0.00259 12 
58188.3968461 0.99409370948 0.00259 12 
58188.3969965 0.994985333878 0.00259 12 
58188.397147 0.995670037655 0.00259 12 
58188.397309 0.992769012571 0.00259 12 
58188.3974595 0.996508805493 0.00259 12 
58188.3976099 0.992811087081 0.00259 12 
58188.397772 0.999572658096 0.00259 12 
58188.3979225 0.994413191216 0.00259 12 
58188.3980729 0.991742367143 0.00259 12 
58188.3982234 0.999872419314 0.00259 12 
58188.3983738 0.992642561771 0.00259 12 
58188.3985243 0.993112214844 0.00259 12 
58188.3986748 0.995206872339 0.00259 12 
58188.3988368 0.996431798852 0.00259 12 
58188.3989873 0.993647223719 0.00259 12 
58188.3991377 0.994138127648 0.00259 12 
58188.3992882 0.99522119652 0.00259 12 
58188.3994386 0.995489562253 0.00259 12 
58188.3995891 0.98952689981 0.00259 12 
58188.3997396 0.993622117656 0.00259 12 
58188.3998901 0.994694137287 0.00259 12 
58188.4000521 0.991811134563 0.00259 12 
58188.4002025 0.994273546773 0.00259 12 
58188.400353 0.992263993954 0.00259 12 
58188.4005035 0.995006668329 0.00259 12 
58188.4006539 0.988446278177 0.00259 12 
58188.4008044 0.990759832799 0.00259 12 
58188.4009549 0.990329814732 0.00259 12 
58188.4011053 0.993789467519 0.00259 12 
58188.4012674 0.997419735158 0.00259 12 
58188.4014178 0.990655716284 0.00259 12 
58188.4015799 0.993194135395 0.00259 12 
58188.4017303 0.991579859437 0.00259 12 
58188.4018808 0.994967609749 0.00259 12 
58188.4020312 0.987101434698 0.00259 12 
58188.4021817 0.994052764227 0.00259 12 
58188.4023322 0.993891949585 0.00259 12 
58188.4024942 0.990044997599 0.00259 12 
58188.4026447 0.991514543217 0.00259 12 
58188.4027951 0.985750743448 0.00259 12 
58188.4029456 0.994851978912 0.00259 12 
58188.4030961 0.993578999497 0.00259 12 
58188.4032465 0.992099133929 0.00259 12 
58188.4034086 0.995932488294 0.00259 12 
58188.403559 0.990786109179 0.00259 12 
58188.4037095 0.994079016339 0.00259 12 
58188.40386 0.990585981877 0.00259 12 
58188.404022 0.991779107581 0.00259 12 
58188.4041724 0.991533641524 0.00259 12 
58188.4043229 0.990495877017 0.00259 12 
58188.4044734 0.987526058265 0.00259 12 
58188.4046354 0.991496445536 0.00259 12 
58188.4047859 0.986119488934 0.00259 12 
58188.4049363 0.992562928179 0.00259 12 
58188.4050868 0.994131481295 0.00259 12 
58188.4052373 0.99517153741 0.00259 12 
58188.4053877 0.996748285399 0.00259 12 
58188.4055382 0.991145404288 0.00259 12 
58188.4056887 0.988901815978 0.00259 12 
58188.4058391 0.991045070143 0.00259 12 
58188.4060011 0.990325730629 0.00259 12 
58188.4061516 0.985223113987 0.00259 12 
58188.4063021 0.992090723062 0.00259 12 
58188.4064526 0.991473776732 0.00259 12 
58188.406603 0.991693915336 0.00259 12 
58188.4067535 0.987836553365 0.00259 12 
58188.4069039 0.98643060332 0.00259 12 
58188.407066 0.98951665344 0.00259 12 
58188.4072164 0.995219953331 0.00259 12 
58188.4073669 0.992035980709 0.00259 12 
58188.4075174 0.993328325484 0.00259 12 
58188.4076678 0.990506742526 0.00259 12 
58188.4078299 0.991476627793 0.00259 12 
58188.4079803 0.989545000894 0.00259 12 
58188.4081308 0.988936145265 0.00259 12 
58188.4082813 0.993971999393 0.00259 12 
58188.4084433 0.992102993059 0.00259 12 
58188.4085937 0.990365607953 0.00259 12 
58188.4087442 0.990059467492 0.00259 12 
58188.4089062 0.987302051972 0.00259 12 
58188.4090567 0.996140849407 0.00259 12 
58188.4092072 0.989340305485 0.00259 12 
58188.4093692 0.992022724755 0.00259 12 
58188.4095197 0.989744065017 0.00259 12 
58188.4096701 0.988846774981 0.00259 12 
58188.4098206 0.99177308866 0.00259 12 
58188.4099711 0.991611628507 0.00259 12 
58188.4101331 0.989764940961 0.00259 12 
58188.4102836 0.987897725848 0.00259 12 
58188.410434 0.992654871276 0.00259 12 
58188.4105845 0.994066094936 0.00259 12 
58188.4107349 0.99044991841 0.00259 12 
58188.4108854 0.987488664955 0.00259 12 
58188.4110475 0.987643368693 0.00259 12 
58188.4111979 0.990836567129 0.00259 12 
58188.4113484 0.991210317836 0.00259 12 
58188.4114988 0.988066938356 0.00259 12 
58188.4116493 0.990462663976 0.00259 12 
58188.4117998 0.988095145155 0.00259 12 
58188.4119618 0.993844442608 0.00259 12 
58188.4121123 0.991622681668 0.00259 12 
58188.4122627 0.989911987265 0.00259 12 
58188.4124132 0.990735018543 0.00259 12 
58188.4125752 0.991826694935 0.00259 12 
58188.4127257 0.989357209284 0.00259 12 
58188.4128762 0.991616385936 0.00259 12 
58188.4130382 0.991969919122 0.00259 12 
58188.4131887 0.992633667657 0.00259 12 
58188.4133391 0.98994202558 0.00259 12 
58188.4135012 0.989215950563 0.00259 12 
58188.4136516 0.988000264973 0.00259 12 
58188.4138021 0.988529535934 0.00259 12 
58188.4139641 0.990634437239 0.00259 12 
58188.4141146 0.989787511152 0.00259 12 
58188.4142651 0.992299525494 0.00259 12 
58188.4144155 0.984426104487 0.00259 12 
58188.4145775 0.989548507034 0.00259 12 
58188.414728 0.989712856313 0.00259 12 
58188.4148785 0.993600873809 0.00259 12 
58188.4150405 0.98491254494 0.00259 12 
58188.415191 0.987706245748 0.00259 12 
58188.4153414 0.990992468241 0.00259 12 
58188.4154919 0.990771393343 0.00259 12 
58188.4156424 0.985942563534 0.00259 12 
58188.4157928 0.986322729014 0.00259 12 
58188.4159549 0.989281463327 0.00259 12 
58188.4161053 0.99028521569 0.00259 12 
58188.4162558 0.996978912233 0.00259 12 
58188.4164062 0.99225458021 0.00259 12 
58188.4165567 0.987901928971 0.00259 12 
58188.4167187 0.985422212713 0.00259 12 
58188.4168692 0.994416772475 0.00259 12 
58188.4170197 0.991530190063 0.00259 12 
58188.4171701 0.991522304544 0.00259 12 
58188.4173322 0.991869111117 0.00259 12 
58188.4174826 0.989703693439 0.00259 12 
58188.4176331 0.991994049895 0.00259 12 
58188.4177951 0.991333740976 0.00259 12 
58188.4179456 0.990841138812 0.00259 12 
58188.4180961 0.992373656075 0.00259 12 
58188.4182581 0.988113336323 0.00259 12 
58188.4184086 0.988903413926 0.00259 12 
58188.418559 0.987689290462 0.00259 12 
58188.4187211 0.989941556668 0.00259 12 
58188.4188715 0.988669181866 0.00259 12 
58188.419022 0.996621564699 0.00259 12 
58188.4191725 0.990070637849 0.00259 12 
58188.4193345 0.987837516793 0.00259 12 
58188.419485 0.992037494286 0.00259 12 
58188.4196354 0.993756173603 0.00259 12 
58188.4197859 0.989100265589 0.00259 12 
58188.4199479 0.993557589436 0.00259 12 
58188.4200984 0.986833207992 0.00259 12 
58188.4202488 0.996256091207 0.00259 12 
58188.4203993 0.989697695415 0.00259 12 
58188.4205498 0.991507847424 0.00259 12 
58188.4207118 0.993486023481 0.00259 12 
58188.4208623 0.986343164498 0.00259 12 
58188.4210127 0.98686038381 0.00259 12 
58188.4211632 0.988991312512 0.00259 12 
58188.4213137 0.989590858633 0.00259 12 
58188.4214641 0.986948011818 0.00259 12 
58188.4216146 0.990061508728 0.00259 12 
58188.4217651 0.992751372514 0.00259 12 
58188.4219271 0.988365334258 0.00259 12 
58188.4220776 0.989979926006 0.00259 12 
58188.422228 0.98934250497 0.00259 12 
58188.4223785 0.9902951757 0.00259 12 
58188.4225405 0.987914940191 0.00259 12 
58188.422691 0.991580307118 0.00259 12 
58188.4228414 0.994630951799 0.00259 12 
58188.4230035 0.988787480298 0.00259 12 
58188.4231539 0.986159168667 0.00259 12 
58188.4233044 0.986446212862 0.00259 12 
58188.4234664 0.990276308693 0.00259 12 
58188.4236169 0.985265861853 0.00259 12 
58188.4237674 0.98580867948 0.00259 12 
58188.4239178 0.991957803363 0.00259 12 
58188.4240799 0.985374127314 0.00259 12 
58188.4242303 0.990621770963 0.00259 12 
58188.4243808 0.994546568047 0.00259 12 
58188.4245312 0.986609312875 0.00259 12 
58188.4246817 0.987332576395 0.00259 12 
58188.4248322 0.990451301911 0.00259 12 
58188.4249942 0.985358011345 0.00259 12 
58188.4251447 0.98660012978 0.00259 12 
58188.4252951 0.989880655863 0.00259 12 
58188.4254456 0.988405481945 0.00259 12 
58188.4255961 0.990546877735 0.00259 12 
58188.4257465 0.990588699777 0.00259 12 
58188.4259086 0.99085441259 0.00259 12 
58188.426059 0.986746162953 0.00259 12 
58188.4262095 0.991005653589 0.00259 12 
58188.4263599 0.992684883795 0.00259 12 
58188.4265104 0.991023310225 0.00259 12 
58188.4266725 0.990193115376 0.00259 12 
58188.4268229 0.988024249688 0.00259 12 
58188.4269734 0.986180521548 0.00259 12 
58188.4271238 0.987659352389 0.00259 12 
58188.4272743 0.99200595225 0.00259 12 
58188.4274248 0.991767553249 0.00259 12 
58188.4275752 0.989688918011 0.00259 12 
58188.4277373 0.990227345252 0.00259 12 
58188.4278877 0.987216674113 0.00259 12 
58188.4280382 0.98714067304 0.00259 12 
58188.4281886 0.98649781887 0.00259 12 
58188.4283391 0.990773798319 0.00259 12 
58188.4284896 0.984642948657 0.00259 12 
58188.4286516 0.988262382291 0.00259 12 
58188.4288021 0.987261651188 0.00259 12 
58188.4289525 0.987852824657 0.00259 12 
58188.429103 0.990154945181 0.00259 12 
58188.4292535 0.990132260885 0.00259 12 
58188.4294039 0.989035484869 0.00259 12 
58188.429566 0.989965017187 0.00259 12 
58188.4297164 0.988839610442 0.00259 12 
58188.4298669 0.984718982405 0.00259 12 
58188.4300173 0.98667390966 0.00259 12 
58188.4301678 0.989367648907 0.00259 12 
58188.4303183 0.993639744243 0.00259 12 
58188.4304688 0.989807421568 0.00259 12 
58188.4306192 0.992780791834 0.00259 12 
58188.4307697 0.989350377189 0.00259 12 
58188.4309201 0.989499979252 0.00259 12 
58188.4310706 0.981730803627 0.00259 12 
58188.4312326 0.983828093267 0.00259 12 
58188.4313831 0.985695155028 0.00259 12 
58188.4315336 0.987148105374 0.00259 12 
58188.431684 0.992814196604 0.00259 12 
58188.4318345 0.989654643979 0.00259 12 
58188.431985 0.99013554575 0.00259 12 
58188.432147 0.982320074109 0.00259 12 
58188.4322975 0.989176310271 0.00259 12 
58188.4324595 0.992744593315 0.00259 12 
58188.4326099 0.989231727944 0.00259 12 
58188.4327604 0.995308930917 0.00259 12 
58188.4329109 0.996187879794 0.00259 12 
58188.4330614 0.989192351009 0.00259 12 
58188.4332234 0.987508408559 0.00259 12 
58188.4333738 0.990443378191 0.00259 12 
58188.4335243 0.986966460986 0.00259 12 
58188.4336748 0.990121841422 0.00259 12 
58188.4338252 0.992376529635 0.00259 12 
58188.4339757 0.989055901976 0.00259 12 
58188.4341377 0.987243525797 0.00259 12 
58188.4342882 0.989852481906 0.00259 12 
58188.4344387 0.99471494183 0.00259 12 
58188.4345891 0.99012044708 0.00259 12 
58188.4347396 0.988336363447 0.00259 12 
58188.4348901 0.987725421813 0.00259 12 
58188.4350521 0.989980058706 0.00259 12 
58188.4352025 0.989295776743 0.00259 12 
58188.435353 0.985248083685 0.00259 12 
58188.435515 0.988875815834 0.00259 12 
58188.4356655 0.991562230752 0.00259 12 
58188.435816 0.984615937764 0.00259 12 
58188.4359664 0.989657397041 0.00259 12 
58188.4361169 0.990553617711 0.00259 12 
58188.4362674 0.98949089002 0.00259 12 
58188.4364294 0.99088910834 0.00259 12 
58188.4365798 0.990932762686 0.00259 12 
58188.4367303 0.98848266103 0.00259 12 
58188.4368808 0.989670089534 0.00259 12 
58188.4370313 0.988547349925 0.00259 12 
58188.4371817 0.988592106335 0.00259 12 
58188.4373322 0.989023393066 0.00259 12 
58188.4374826 0.985620977153 0.00259 12 
58188.4376331 0.988887390195 0.00259 12 
58188.4377951 0.988679871539 0.00259 12 
58188.4379456 0.992097562397 0.00259 12 
58188.4380961 0.986508055386 0.00259 12 
58188.4382465 0.993578191765 0.00259 12 
58188.438397 0.990675308003 0.00259 12 
58188.4385475 0.991955353672 0.00259 12 
58188.4386979 0.988927814753 0.00259 12 
58188.43886 0.987527861853 0.00259 12 
58188.4390104 0.990519079274 0.00259 12 
58188.4391609 0.989599290062 0.00259 12 
58188.4393113 0.987857111338 0.00259 12 
58188.4394618 0.98677796181 0.00259 12 
58188.4396123 0.987336093875 0.00259 12 
58188.4397743 0.986074732442 0.00259 12 
58188.4399248 0.988172826891 0.00259 12 
58188.4400752 0.987350617864 0.00259 12 
58188.4402373 0.989810550874 0.00259 12 
58188.4403877 0.991591296665 0.00259 12 
58188.4405382 0.994637978085 0.00259 12 
58188.4407002 0.993894491624 0.00259 12 
58188.4408507 0.989651150396 0.00259 12 
58188.4410012 0.993081941909 0.00259 12 
58188.4411632 0.990195676894 0.00259 12 
58188.4413136 0.992071174045 0.00259 12 
58188.4414641 0.990876433056 0.00259 12 
58188.4416146 0.993771083638 0.00259 12 
58188.441765 0.988615375179 0.00259 12 
58188.4419271 0.99211854489 0.00259 12 
58188.4420775 0.989606997851 0.00259 12 
58188.442228 0.989339271009 0.00259 12 
58188.4423785 0.989419739642 0.00259 12 
58188.4425289 0.989187782032 0.00259 12 
58188.442691 0.986796117674 0.00259 12 
58188.4428414 0.988574522251 0.00259 12 
58188.4429919 0.994293415263 0.00259 12 
58188.4431423 0.989109808587 0.00259 12 
58188.4432928 0.986514146682 0.00259 12 
58188.4434433 0.99292799935 0.00259 12 
58188.4435938 0.991648757139 0.00259 12 
58188.4437442 0.992603831859 0.00259 12 
58188.4439062 0.98786352581 0.00259 12 
58188.4440567 0.996236502425 0.00259 12 
58188.4442072 0.989207539207 0.00259 12 
58188.4443576 0.98851204847 0.00259 12 
58188.4445081 0.990545583443 0.00259 12 
58188.4446586 0.992251929036 0.00259 12 
58188.444809 0.990713529783 0.00259 12 
58188.4449595 0.990267244514 0.00259 12 
58188.4451215 0.983654038636 0.00259 12 
58188.445272 0.985928835734 0.00259 12 
58188.4454225 0.991932652751 0.00259 12 
58188.4455845 0.991603320612 0.00259 12 
58188.4457349 0.986217398308 0.00259 12 
58188.4458854 0.986593448855 0.00259 12 
58188.4460359 0.987031170976 0.00259 12 
58188.4461863 0.991332956381 0.00259 12 
58188.4463368 0.988197174495 0.00259 12 
58188.4464873 0.985862234564 0.00259 12 
58188.4466377 0.989024965258 0.00259 12 
58188.4467998 0.988628620112 0.00259 12 
58188.4469502 0.989268899969 0.00259 12 
58188.4471007 0.987151059653 0.00259 12 
58188.4472512 0.989741980306 0.00259 12 
58188.4474016 0.986599530314 0.00259 12 
58188.4475521 0.985956623016 0.00259 12 
58188.4477141 0.987783137742 0.00259 12 
58188.4478646 0.988188303638 0.00259 12 
58188.4480151 0.990250578262 0.00259 12 
58188.4481655 0.988390073328 0.00259 12 
58188.4483275 0.991169908892 0.00259 12 
58188.448478 0.98938317356 0.00259 12 
58188.4486285 0.991793930395 0.00259 12 
58188.4487905 0.983602833121 0.00259 12 
58188.448941 0.985133759947 0.00259 12 
58188.4490914 0.980352530961 0.00259 12 
58188.4492535 0.988956655609 0.00259 12 
58188.4494039 0.993502850167 0.00259 12 
58188.4495544 0.9969496926 0.00259 12 
58188.4497164 0.987400411023 0.00259 12 
58188.4498669 0.988065761892 0.00259 12 
58188.4500174 0.987981833015 0.00259 12 
58188.4501678 0.986116237196 0.00259 12 
58188.4503299 0.993597243551 0.00259 12 
58188.4504803 0.99590388467 0.00259 12 
58188.4506308 0.989972592939 0.00259 12 
58188.4507813 0.986390394579 0.00259 12 
58188.4509433 0.983559577152 0.00259 12 
58188.4510938 0.988234988403 0.00259 12 
58188.4512442 0.991653145078 0.00259 12 
58188.4514063 0.988264687131 0.00259 12 
58188.4515567 0.991326098478 0.00259 12 
58188.4517072 0.987514209512 0.00259 12 
58188.4518577 0.996409575504 0.00259 12 
58188.4520197 0.990674925497 0.00259 12 
58188.4521701 0.990871827095 0.00259 12 
58188.4523206 0.994012075674 0.00259 12 
58188.4524826 0.990907250565 0.00259 12 
58188.4526331 0.989455313718 0.00259 12 
58188.4527836 0.992756814956 0.00259 12 
58188.4529456 0.983625413884 0.00259 12 
58188.4530961 0.988500990476 0.00259 12 
58188.4532465 0.990699991225 0.00259 12 
58188.453397 0.989492627118 0.00259 12 
58188.453559 0.992035942214 0.00259 12 
58188.4537095 0.986169222484 0.00259 12 
58188.4538599 0.988987655819 0.00259 12 
58188.4540104 0.989155144014 0.00259 12 
58188.4541609 0.989705548101 0.00259 12 
58188.4543229 0.986148488668 0.00259 12 
58188.4544734 0.993279027968 0.00259 12 
58188.4546238 0.990923483029 0.00259 12 
58188.4547743 0.9894117446 0.00259 12 
58188.4549248 0.988130532104 0.00259 12 
58188.4550752 0.990401513344 0.00259 12 
58188.4552373 0.990776252767 0.00259 12 
58188.4553877 0.991249461802 0.00259 12 
58188.4555382 0.979766445064 0.00259 12 
58188.4556886 0.986224365466 0.00259 12 
58188.4558507 0.99276166927 0.00259 12 
58188.4560012 0.994837423736 0.00259 12 
58188.4561516 0.993513795619 0.00259 12 
58188.4563021 0.988398614549 0.00259 12 
58188.4564641 0.987726797037 0.00259 12 
58188.4566146 0.988245532259 0.00259 12 
58188.4567651 0.989872890029 0.00259 12 
58188.4569271 0.986773235001 0.00259 12 
58188.4570776 0.993541235561 0.00259 12 
58188.457228 0.989325611727 0.00259 12 
58188.45739 0.986777119372 0.00259 12 
58188.4575405 0.995995712861 0.00259 12 
58188.457691 0.999269230488 0.00259 12 
58188.4578414 0.993538878565 0.00259 12 
58188.4580035 0.999700246742 0.00259 12 
58188.4581539 0.992050825987 0.00259 12 
58188.4583044 0.990063506246 0.00259 12 
58188.4584664 0.9877610044 0.00259 12 
58188.4586169 0.989863621767 0.00259 12 
58188.4587673 0.987258002868 0.00259 12 
58188.4589178 0.985032181968 0.00259 12 
58188.4590799 0.987541720514 0.00259 12 
58188.4592303 0.99232657004 0.00259 12 
58188.4593808 0.9871959104 0.00259 12 
58188.4595312 0.991555110245 0.00259 12 
58188.4596817 0.993049799738 0.00259 12 
58188.4598437 0.994077890465 0.00259 12 
58188.4599942 0.989386480405 0.00259 12 
58188.4601447 0.998173476591 0.00259 12 
58188.4602951 0.986755745767 0.00259 12 
58188.4604572 0.987743881609 0.00259 12 
58188.4606076 0.990588702532 0.00259 12 
58188.4607581 0.991029771562 0.00259 12 
58188.4609086 0.994166579728 0.00259 12 
58188.461059 0.996578049277 0.00259 12 
58188.4612211 0.992556072408 0.00259 12 
58188.4613715 0.985322456018 0.00259 12 
58188.461522 0.990421261361 0.00259 12 
58188.4616724 0.996805919659 0.00259 12 
58188.4618229 0.994838056151 0.00259 12 
58188.4619734 0.986636574659 0.00259 12 
58188.4621238 0.994515092723 0.00259 12 
58188.4622743 0.990857355611 0.00259 12 
58188.4624363 0.988611307476 0.00259 12 
58188.4625868 0.988558675207 0.00259 12 
58188.4627373 0.99286340265 0.00259 12 
58188.4628877 0.985489563774 0.00259 12 
58188.4630382 0.987907123417 0.00259 12 
58188.4632002 0.988605849932 0.00259 12 
