58167.3310475 1.00053139591 0.00178 30 
58167.3314062 0.998462891117 0.00178 30 
58167.3317766 0.997729984724 0.00178 30 
58167.3321354 1.0003984011 0.00178 30 
58167.3325058 0.998039194249 0.00178 30 
58167.3328646 1.00119262555 0.00178 30 
58167.3332349 1.00046377077 0.00178 30 
58167.3335937 1.00045390949 0.00178 30 
58167.3339641 1.00079186917 0.00178 30 
58167.3343229 0.999524871501 0.00178 30 
58167.3346933 1.0011417451 0.00178 30 
58167.3350521 0.999358764261 0.00178 30 
58167.3354224 1.00109970305 0.00178 30 
58167.3357813 1.00011914096 0.00178 30 
58167.3361516 1.0020951059 0.00178 30 
58167.3365104 1.00077428035 0.00178 30 
58167.3368692 1.00039670995 0.00178 30 
58167.3372396 0.998257906627 0.00178 30 
58167.3375984 1.00061023798 0.00178 30 
58167.3379687 1.00108940771 0.00178 30 
58167.3383275 1.0028502311 0.00178 30 
58167.3386863 1.00138532659 0.00178 30 
58167.3390567 0.999730192616 0.00178 30 
58167.3394155 0.998056762617 0.00178 30 
58167.3397743 1.00051108813 0.00178 30 
58167.3401447 1.00199228137 0.00178 30 
58167.3405035 0.998749729877 0.00178 30 
58167.3408739 0.999885225982 0.00178 30 
58167.3412326 1.00042011009 0.00178 30 
58167.341603 0.997786197451 0.00178 30 
58167.3419618 1.00037568083 0.00178 30 
58167.3423322 1.00236304871 0.00178 30 
58167.342691 0.998168047746 0.00178 30 
58167.3430498 0.999163107348 0.00178 30 
58167.3434201 0.998952141613 0.00178 30 
58167.3437789 0.999331033725 0.00178 30 
58167.3441493 1.00312705363 0.00178 30 
58167.3445081 0.999232283257 0.00178 30 
58167.3448669 1.0030447442 0.00178 30 
58167.3452373 1.00264953534 0.00178 30 
58167.3455961 0.99812533701 0.00178 30 
58167.3459664 0.998693640556 0.00178 30 
58167.3463252 0.99791634731 0.00178 30 
58167.346684 1.00143468843 0.00178 30 
58167.3470544 0.998967152286 0.00178 30 
58167.3474132 1.00209510798 0.00178 30 
58167.3477836 0.999711772837 0.00178 30 
58167.3481424 0.998126181237 0.00178 30 
58167.3485012 1.00031039546 0.00178 30 
58167.3488715 0.999126068887 0.00178 30 
58167.3492303 1.00019766955 0.00178 30 
58167.3496007 0.999188101573 0.00178 30 
58167.3499595 1.00006705416 0.00178 30 
58167.3503299 0.999542032668 0.00178 30 
58167.3506886 0.998920746073 0.00178 30 
58167.3510474 1.00003396315 0.00178 30 
58167.3514178 1.00285058972 0.00178 30 
58167.3517766 1.00001831877 0.00178 30 
58167.352147 1.0014702395 0.00178 30 
58167.3525058 1.00175005587 0.00178 30 
58167.3528762 0.998935647428 0.00178 30 
58167.353235 1.00151853543 0.00178 30 
58167.3535937 1.00090662971 0.00178 30 
58167.3539641 1.00163906451 0.00178 30 
58167.3543229 1.00054967319 0.00178 30 
58167.3546817 1.00203946578 0.00178 30 
58167.3550521 0.999134588985 0.00178 30 
58167.3554109 1.00020993543 0.00178 30 
58167.3557812 1.00353574029 0.00178 30 
58167.3561401 0.999143656508 0.00178 30 
58167.3565104 0.998316321493 0.00178 30 
58167.3568692 1.00065426388 0.00178 30 
58167.357228 1.00051474673 0.00178 30 
58167.3575984 0.996823869439 0.00178 30 
58167.3579572 0.997465744732 0.00178 30 
58167.3583276 0.999222034371 0.00178 30 
58167.3586863 1.00037971481 0.00178 30 
58167.3590451 1.00131608695 0.00178 30 
58167.3594155 0.998109961525 0.00178 30 
58167.3597743 0.998706872748 0.00178 30 
58167.3601447 0.999308960101 0.00178 30 
58167.3605035 0.999376771137 0.00178 30 
58167.3608623 0.996899458785 0.00178 30 
58167.3612327 1.00009174692 0.00178 30 
58167.3615914 0.99761721025 0.00178 30 
58167.3619618 0.998619255622 0.00178 30 
58167.3623206 0.996665509725 0.00178 30 
58167.3626794 1.00083564617 0.00178 30 
58167.3630498 0.999917562327 0.00178 30 
58167.3634086 0.999280603458 0.00178 30 
58167.3637789 1.00103096186 0.00178 30 
58167.3641377 1.00128489128 0.00178 30 
58167.3644965 1.00009072041 0.00178 30 
58167.3648669 0.999368913546 0.00178 30 
58167.3652257 1.00092884431 0.00178 30 
58167.3655961 0.998175969554 0.00178 30 
58167.3659549 0.998235452114 0.00178 30 
58167.3663136 0.99947430597 0.00178 30 
58167.366684 1.00022825773 0.00178 30 
58167.3670428 1.0006800311 0.00178 30 
58167.3674132 0.998438403243 0.00178 30 
58167.367772 1.00053088403 0.00178 30 
58167.3681423 1.00024209589 0.00178 30 
58167.3685012 1.00051624316 0.00178 30 
58167.36886 0.999579419957 0.00178 30 
58167.3692303 1.00021749573 0.00178 30 
58167.3695891 0.998460213988 0.00178 30 
58167.3699595 0.998493677946 0.00178 30 
58167.3703183 0.998880558305 0.00178 30 
58167.3706771 1.00084752962 0.00178 30 
58167.3710474 1.00091712573 0.00178 30 
58167.3714062 1.00017071469 0.00178 30 
58167.3717766 0.999418742932 0.00178 30 
58167.3721354 1.00276713888 0.00178 30 
58167.3725058 0.999628794293 0.00178 30 
58167.3728646 0.999609988409 0.00178 30 
58167.3732234 1.00012087585 0.00178 30 
58167.3735938 0.999595910716 0.00178 30 
58167.3739526 0.999173686719 0.00178 30 
58167.3743229 0.997999718795 0.00178 30 
58167.3746817 1.00080657364 0.00178 30 
58167.3750521 0.999186597949 0.00178 30 
58167.3754109 0.997939301291 0.00178 30 
58167.3757813 0.995208651056 0.00178 30 
58167.3761516 0.996017151263 0.00178 30 
58167.3765104 0.995559801725 0.00178 30 
58167.3768808 0.996954581246 0.00178 30 
58167.3772396 0.996517812288 0.00178 30 
58167.37761 0.998428689567 0.00178 30 
58167.3779687 0.994891967385 0.00178 30 
58167.3783276 0.994920964233 0.00178 30 
58167.3786979 0.998928906376 0.00178 30 
58167.3790567 0.996187122239 0.00178 30 
58167.3794271 0.996666445477 0.00178 30 
58167.3797859 0.996265400497 0.00178 30 
58167.3801447 0.9950517774 0.00178 30 
58167.3805151 0.997496496836 0.00178 30 
58167.3808738 0.99671802184 0.00178 30 
58167.3812442 0.9962772842 0.00178 30 
58167.381603 0.996034182583 0.00178 30 
58167.3819618 0.994209460024 0.00178 30 
58167.3823322 0.994527431675 0.00178 30 
58167.382691 0.994377901225 0.00178 30 
58167.3830613 0.991938131036 0.00178 30 
58167.3834202 0.99095590316 0.00178 30 
58167.3837789 0.992053901581 0.00178 30 
58167.3841493 0.990361200998 0.00178 30 
58167.3845081 0.992240561201 0.00178 30 
58167.3848785 0.993980093133 0.00178 30 
58167.3852373 0.990202445889 0.00178 30 
58167.3855961 0.990186902406 0.00178 30 
58167.3859664 0.993771126346 0.00178 30 
58167.3863252 0.990369880069 0.00178 30 
58167.3866956 0.989630796077 0.00178 30 
58167.3870544 0.99378480843 0.00178 30 
58167.3874132 0.989673744835 0.00178 30 
58167.3877836 0.993380652545 0.00178 30 
58167.3881424 0.990766986593 0.00178 30 
58167.3885127 0.987925329637 0.00178 30 
58167.3888715 0.990427825875 0.00178 30 
58167.3892419 0.99253741796 0.00178 30 
58167.3896007 0.992354459562 0.00178 30 
58167.3899595 0.988786768192 0.00178 30 
58167.3903299 0.990592546814 0.00178 30 
58167.3906887 0.993109385565 0.00178 30 
58167.3910475 0.990790753667 0.00178 30 
58167.3914178 0.991761706912 0.00178 30 
58167.3917766 0.99330448467 0.00178 30 
58167.392147 0.988538902895 0.00178 30 
58167.3925058 0.990554542034 0.00178 30 
58167.3928646 0.988283752631 0.00178 30 
58167.393235 0.991876127463 0.00178 30 
58167.3935937 0.988997517042 0.00178 30 
58167.3939641 0.991502751918 0.00178 30 
58167.3943229 0.986738877059 0.00178 30 
58167.3946817 0.99039775251 0.00178 30 
58167.3950521 0.99172425006 0.00178 30 
58167.3954109 0.989442346825 0.00178 30 
58167.3957813 0.98860754135 0.00178 30 
58167.3961401 0.989645787146 0.00178 30 
58167.3964988 0.989838093051 0.00178 30 
58167.3968692 0.989637123791 0.00178 30 
58167.397228 0.9893700456 0.00178 30 
58167.3975984 0.988961593751 0.00178 30 
58167.3979572 0.9925197327 0.00178 30 
58167.398316 0.991878265149 0.00178 30 
58167.3986863 0.990786599165 0.00178 30 
58167.3990452 0.991393535308 0.00178 30 
58167.3994155 0.989078640456 0.00178 30 
58167.3997743 0.989202356173 0.00178 30 
58167.4001331 0.987893471038 0.00178 30 
58167.4005035 0.991092681418 0.00178 30 
58167.4008623 0.987686545509 0.00178 30 
58167.4012326 0.991897148463 0.00178 30 
58167.4015914 0.989645807996 0.00178 30 
58167.4019502 0.988996262168 0.00178 30 
58167.4023206 0.989366642764 0.00178 30 
58167.4026794 0.986349776133 0.00178 30 
58167.4030498 0.990002635643 0.00178 30 
58167.4034086 0.992482518019 0.00178 30 
58167.4037674 0.989145651034 0.00178 30 
58167.4041377 0.989925634996 0.00178 30 
58167.4044965 0.989048524277 0.00178 30 
58167.4048669 0.988923335024 0.00178 30 
58167.4052257 0.988050208073 0.00178 30 
58167.4055845 0.987475580688 0.00178 30 
58167.4059549 0.990366466121 0.00178 30 
58167.4063137 0.988532653779 0.00178 30 
58167.406684 0.989408065322 0.00178 30 
58167.4070428 0.98764044917 0.00178 30 
58167.4074016 0.992831555076 0.00178 30 
58167.407772 0.987991181557 0.00178 30 
58167.4081308 0.989112138377 0.00178 30 
58167.4085012 0.988835631449 0.00178 30 
58167.40886 0.987875242261 0.00178 30 
58167.4092187 0.99183893247 0.00178 30 
58167.4095891 0.988545963691 0.00178 30 
58167.4099479 0.987227684427 0.00178 30 
58167.4103183 0.989736802573 0.00178 30 
58167.4106771 0.989598592866 0.00178 30 
58167.4110474 0.987217892188 0.00178 30 
58167.4114063 0.99074800273 0.00178 30 
58167.4117651 0.98747084826 0.00178 30 
58167.4121354 0.989275807016 0.00178 30 
58167.4124942 0.988336290725 0.00178 30 
58167.4128646 0.99004827024 0.00178 30 
58167.4132234 0.987802650644 0.00178 30 
58167.4135938 0.990201247101 0.00178 30 
58167.4139525 0.986031023251 0.00178 30 
58167.4143113 0.986733201231 0.00178 30 
58167.4146817 0.984869249658 0.00178 30 
58167.4150405 0.988942511312 0.00178 30 
58167.4154109 0.987745682734 0.00178 30 
58167.4157697 0.991135094021 0.00178 30 
58167.41614 0.989256191499 0.00178 30 
58167.4164989 0.985756845453 0.00178 30 
58167.4168692 0.988061208389 0.00178 30 
58167.417228 0.988436332671 0.00178 30 
58167.4175868 0.988177991319 0.00178 30 
58167.4179572 0.987839604077 0.00178 30 
58167.4183276 0.986754903381 0.00178 30 
58167.4186863 0.988843561951 0.00178 30 
58167.4190567 0.989173342808 0.00178 30 
58167.4194155 0.986724652161 0.00178 30 
58167.4197743 0.988444398945 0.00178 30 
58167.4201447 0.989051440546 0.00178 30 
58167.4205035 0.989909870352 0.00178 30 
58167.4208738 0.988974441223 0.00178 30 
58167.4212327 0.987860663429 0.00178 30 
58167.4215914 0.98856400711 0.00178 30 
58167.4219618 0.98703423903 0.00178 30 
58167.4223206 0.985203028006 0.00178 30 
58167.422691 0.986189464793 0.00178 30 
58167.4230498 0.992937858628 0.00178 30 
58167.4234086 0.990650128412 0.00178 30 
58167.4237789 0.985005134108 0.00178 30 
58167.4241377 0.988329370737 0.00178 30 
58167.4245081 0.988364456655 0.00178 30 
58167.4248669 0.990653778936 0.00178 30 
58167.4252257 0.986767745852 0.00178 30 
58167.4255961 0.988504657041 0.00178 30 
58167.4259549 0.988762411664 0.00178 30 
58167.4263252 0.991923865049 0.00178 30 
58167.426684 0.988573144695 0.00178 30 
58167.4270428 0.987478479868 0.00178 30 
58167.4274132 0.990473448157 0.00178 30 
58167.427772 0.988487833956 0.00178 30 
58167.4281424 0.99046084415 0.00178 30 
58167.4285012 0.989462790651 0.00178 30 
58167.42886 0.988210687151 0.00178 30 
58167.4292303 0.988622661276 0.00178 30 
58167.4295891 0.988692723159 0.00178 30 
58167.4299595 0.988315759302 0.00178 30 
58167.4303183 0.989469452092 0.00178 30 
58167.4306771 0.989841347656 0.00178 30 
58167.4310475 0.990055749048 0.00178 30 
58167.4314062 0.989197522661 0.00178 30 
58167.4317766 0.987579073755 0.00178 30 
58167.4321354 0.987260117682 0.00178 30 
58167.4324942 0.986518264033 0.00178 30 
58167.4328646 0.986177183357 0.00178 30 
58167.4332234 0.989857410665 0.00178 30 
58167.4335938 0.989277094256 0.00178 30 
58167.4339526 0.986290824514 0.00178 30 
58167.4343113 0.98685840299 0.00178 30 
58167.4346817 0.990910883498 0.00178 30 
58167.4350405 0.987258855973 0.00178 30 
58167.4354109 0.987281684773 0.00178 30 
58167.4357697 0.98991427421 0.00178 30 
58167.4361285 0.985405473856 0.00178 30 
58167.4364988 0.987141037723 0.00178 30 
58167.4368577 0.987607148229 0.00178 30 
58167.437228 0.988398344625 0.00178 30 
58167.4375868 0.990470407881 0.00178 30 
58167.4379456 0.98885201103 0.00178 30 
58167.438316 0.991335943295 0.00178 30 
58167.4386748 0.990729533101 0.00178 30 
58167.4390451 0.988393604287 0.00178 30 
58167.4394039 0.98501481265 0.00178 30 
58167.4397627 0.988454174963 0.00178 30 
58167.4401331 0.985124086436 0.00178 30 
58167.4404919 0.987594708644 0.00178 30 
58167.4408623 0.989020393782 0.00178 30 
58167.4412211 0.988325617415 0.00178 30 
58167.4415799 0.987358688155 0.00178 30 
58167.4419502 0.988560134287 0.00178 30 
58167.442309 0.986883181878 0.00178 30 
58167.4426794 0.98773546207 0.00178 30 
58167.4430382 0.985934617874 0.00178 30 
58167.4434086 0.99125395211 0.00178 30 
58167.4437674 0.988945279057 0.00178 30 
58167.4441262 0.990447511207 0.00178 30 
58167.4444965 0.988407342386 0.00178 30 
58167.4448553 0.986047499137 0.00178 30 
58167.4452257 0.989860042971 0.00178 30 
58167.4455845 0.989775841461 0.00178 30 
58167.4459433 0.989983053582 0.00178 30 
58167.4463137 0.987501316192 0.00178 30 
58167.4466725 0.989492844599 0.00178 30 
58167.4470428 0.988127019744 0.00178 30 
58167.4474016 0.985420412761 0.00178 30 
58167.447772 0.989677806144 0.00178 30 
58167.4481308 0.988607808587 0.00178 30 
58167.4484896 0.98445048092 0.00178 30 
58167.4488599 0.987805674369 0.00178 30 
58167.4492188 0.984957182746 0.00178 30 
58167.4495891 0.991123344344 0.00178 30 
58167.4499479 0.986950961306 0.00178 30 
58167.4503067 0.992254244595 0.00178 30 
58167.4506771 0.989331228527 0.00178 30 
58167.4510359 0.989896460758 0.00178 30 
58167.4514063 0.98900038961 0.00178 30 
58167.451765 0.985345991396 0.00178 30 
58167.4521238 0.988044805903 0.00178 30 
58167.4524942 0.987935777867 0.00178 30 
58167.452853 0.986979531531 0.00178 30 
58167.4532234 0.983848450564 0.00178 30 
58167.4535822 0.987773337017 0.00178 30 
58167.4539525 0.986416508143 0.00178 30 
58167.4543114 0.990669318718 0.00178 30 
58167.4546701 0.986909004436 0.00178 30 
58167.4550405 0.987689756191 0.00178 30 
58167.4553993 0.990988145247 0.00178 30 
58167.4557697 0.98801870829 0.00178 30 
58167.4561285 0.991798079541 0.00178 30 
58167.4564873 0.988479150178 0.00178 30 
58167.4568576 0.988372448546 0.00178 30 
58167.4572164 0.990478845562 0.00178 30 
58167.4575868 0.987957637909 0.00178 30 
58167.4579456 0.98530536664 0.00178 30 
58167.458316 0.989029950706 0.00178 30 
58167.4586748 0.990316476384 0.00178 30 
58167.4590451 0.988769869144 0.00178 30 
58167.4594039 0.989371727451 0.00178 30 
58167.4597743 0.988189569702 0.00178 30 
58167.4601331 0.991465991826 0.00178 30 
58167.4605035 0.986669338063 0.00178 30 
58167.4608623 0.985002264136 0.00178 30 
58167.4612211 0.985502220507 0.00178 30 
58167.4615914 0.989107958857 0.00178 30 
58167.4619502 0.986397108566 0.00178 30 
58167.4623206 0.986941433448 0.00178 30 
58167.4626794 0.986308097409 0.00178 30 
58167.4630382 0.989492089378 0.00178 30 
58167.4634086 0.989119125451 0.00178 30 
58167.4637674 0.986014730276 0.00178 30 
58167.4641377 0.98832105483 0.00178 30 
58167.4644965 0.987106823893 0.00178 30 
58167.4648553 0.988696606247 0.00178 30 
58167.4652257 0.989019618487 0.00178 30 
58167.4655845 0.989292001586 0.00178 30 
58167.4659549 0.989639453255 0.00178 30 
58167.4663136 0.990861485967 0.00178 30 
58167.466684 0.989180804076 0.00178 30 
58167.4670428 0.987451945086 0.00178 30 
58167.4674016 0.987372908308 0.00178 30 
58167.467772 0.984776049037 0.00178 30 
58167.4681308 0.989413878595 0.00178 30 
58167.4685012 0.989042015938 0.00178 30 
58167.46886 0.988917923386 0.00178 30 
58167.4692187 0.987693248793 0.00178 30 
58167.4695891 0.993183648369 0.00178 30 
58167.4699479 0.988062247469 0.00178 30 
58167.4703183 0.989163512591 0.00178 30 
58167.4706771 0.98944184873 0.00178 30 
58167.4710359 0.989027712044 0.00178 30 
58167.4714063 0.989580245698 0.00178 30 
58167.4717651 0.987217499263 0.00178 30 
58167.4721354 0.989170653816 0.00178 30 
58167.4724942 0.988510450411 0.00178 30 
58167.4728646 0.989020672798 0.00178 30 
58167.4732234 0.988657175841 0.00178 30 
58167.4735822 0.989690945883 0.00178 30 
58167.4739525 0.985850780697 0.00178 30 
58167.4743113 0.98678593264 0.00178 30 
58167.4746817 0.989814508267 0.00178 30 
58167.4750405 0.987093526164 0.00178 30 
58167.4754109 0.986670380123 0.00178 30 
58167.4757697 0.987888765115 0.00178 30 
58167.4761285 0.987637768654 0.00178 30 
58167.4764989 0.986144089536 0.00178 30 
58167.4768576 0.986290682552 0.00178 30 
58167.477228 0.989366810785 0.00178 30 
58167.4775868 0.988683082212 0.00178 30 
58167.4779456 0.990776093678 0.00178 30 
58167.478316 0.99276114739 0.00178 30 
58167.4786748 0.990053791989 0.00178 30 
58167.4790451 0.989736314638 0.00178 30 
58167.4794039 0.98620290186 0.00178 30 
58167.4797627 0.988445946623 0.00178 30 
58167.4801331 0.988076179375 0.00178 30 
58167.4804919 0.990211807953 0.00178 30 
58167.4808623 0.990198009196 0.00178 30 
58167.4812211 0.990378192561 0.00178 30 
58167.4815799 0.989917706785 0.00178 30 
58167.4819502 0.991333970988 0.00178 30 
58167.482309 0.988519250254 0.00178 30 
58167.4826794 0.989215978139 0.00178 30 
58167.4830382 0.987838320333 0.00178 30 
58167.483397 0.990137355362 0.00178 30 
58167.4837674 0.9878630757 0.00178 30 
58167.4841262 0.988980662493 0.00178 30 
58167.4844965 0.989088861292 0.00178 30 
58167.4848553 0.987421216385 0.00178 30 
58167.4852141 0.991285801723 0.00178 30 
58167.4855845 0.986363041153 0.00178 30 
58167.4859433 0.990353017839 0.00178 30 
58167.4863021 0.990447369648 0.00178 30 
58167.4866724 0.98569016044 0.00178 30 
58167.4870313 0.989982744578 0.00178 30 
58167.4874016 0.987140935492 0.00178 30 
58167.4877604 0.989495672828 0.00178 30 
58167.4881308 0.985699678062 0.00178 30 
58167.4884896 0.987472461861 0.00178 30 
58167.4888484 0.98721621147 0.00178 30 
58167.4892188 0.986890030417 0.00178 30 
58167.4895775 0.989154251142 0.00178 30 
58167.4899479 0.987181364616 0.00178 30 
58167.4903067 0.987084899336 0.00178 30 
58167.4906655 0.986736807953 0.00178 30 
58167.4910359 0.98940816832 0.00178 30 
58167.4913947 0.985042415459 0.00178 30 
58167.491765 0.98767078387 0.00178 30 
58167.4921239 0.99352897582 0.00178 30 
58167.4924826 0.987588908733 0.00178 30 
58167.492853 0.987970097483 0.00178 30 
58167.4932118 0.987080676994 0.00178 30 
58167.4935822 0.987889936701 0.00178 30 
58167.493941 0.989552338707 0.00178 30 
58167.4942998 0.989030070035 0.00178 30 
58167.4946701 0.989620612692 0.00178 30 
58167.4950289 0.990281003058 0.00178 30 
58167.4953993 0.989069850315 0.00178 30 
58167.4957581 0.98760029881 0.00178 30 
58167.4961169 0.992644690249 0.00178 30 
58167.4964873 0.986585330443 0.00178 30 
58167.4968461 0.991198004929 0.00178 30 
58167.4972164 0.99327601615 0.00178 30 
58167.4975752 0.994050655204 0.00178 30 
58167.497934 0.991770342655 0.00178 30 
58167.4983044 0.987884556787 0.00178 30 
58167.4986632 0.993309235999 0.00178 30 
58167.4990336 0.99313639952 0.00178 30 
58167.4993924 0.985944377109 0.00178 30 
58167.4997627 0.992478994983 0.00178 30 
58167.5001215 0.987082884052 0.00178 30 
58167.5004919 0.988643965724 0.00178 30 
58167.5008507 0.992349744209 0.00178 30 
58167.5012211 0.989063540551 0.00178 30 
58167.5015799 0.988296907374 0.00178 30 
58167.5019502 0.993420794377 0.00178 30 
58167.502309 0.987294648781 0.00178 30 
58167.5026678 0.990067538269 0.00178 30 
58167.5030382 0.990408449722 0.00178 30 
58167.503397 0.992132519739 0.00178 30 
58167.5037674 0.989555420849 0.00178 30 
58167.5041261 0.990477940893 0.00178 30 
58167.504485 0.991244244557 0.00178 30 
58167.5048553 0.987954625619 0.00178 30 
58167.5052141 0.987428651391 0.00178 30 
58167.5055845 0.99097695313 0.00178 30 
58167.5059433 0.989218161336 0.00178 30 
58167.5063021 0.994058699987 0.00178 30 
58167.5066725 0.987291247273 0.00178 30 
58167.5070312 0.988555580802 0.00178 30 
58167.5074016 0.990271772022 0.00178 30 
58167.5077604 0.986172259992 0.00178 30 
58167.5081308 0.992321362085 0.00178 30 
58167.5084896 0.989488180353 0.00178 30 
58167.5088599 0.992309269524 0.00178 30 
58167.5092187 0.987795430866 0.00178 30 
58167.5095776 0.989656233176 0.00178 30 
58167.5099479 0.990748002462 0.00178 30 
58167.5103067 0.985817234828 0.00178 30 
58188.3454572 1.00670241577 0.00311 12 
58188.3456076 1.00410732805 0.00311 12 
58188.3457697 1.00295657356 0.00311 12 
58188.3459201 0.998719235324 0.00311 12 
58188.3460706 0.99873161502 0.00311 12 
58188.3462211 0.996380794901 0.00311 12 
58188.3463715 1.00026948515 0.00311 12 
58188.346522 0.995398610165 0.00311 12 
58188.3466724 0.999504801577 0.00311 12 
58188.3468345 0.994590346448 0.00311 12 
58188.3469849 0.996188103943 0.00311 12 
58188.3471354 1.00129121175 0.00311 12 
58188.3472975 1.00390117463 0.00311 12 
58188.3474479 1.00223961423 0.00311 12 
58188.3475984 1.00236904897 0.00311 12 
58188.3477488 1.00176625266 0.00311 12 
58188.3479109 1.00197387342 0.00311 12 
58188.3480613 1.0005386381 0.00311 12 
58188.3482118 0.998477039092 0.00311 12 
58188.3483739 0.998429561029 0.00311 12 
58188.3485243 0.996745577523 0.00311 12 
58188.3486748 1.00309728857 0.00311 12 
58188.3488368 0.994572918097 0.00311 12 
58188.3489873 0.99722476138 0.00311 12 
58188.3491377 1.00388129728 0.00311 12 
58188.3492882 1.00003191955 0.00311 12 
58188.3494387 1.00313175069 0.00311 12 
58188.3495891 1.00313833644 0.00311 12 
58188.3497396 1.00341416472 0.00311 12 
58188.34989 0.995885790038 0.00311 12 
58188.3500521 0.997329477037 0.00311 12 
58188.3502026 0.996310818822 0.00311 12 
58188.350353 0.994656645408 0.00311 12 
58188.3505035 0.999386903803 0.00311 12 
58188.3506539 0.998159397351 0.00311 12 
58188.3508044 1.00350535981 0.00311 12 
58188.3509549 1.0011720587 0.00311 12 
58188.3511169 1.00326693194 0.00311 12 
58188.3512674 0.99932161573 0.00311 12 
58188.3514178 0.996760433529 0.00311 12 
58188.3515683 0.99762488628 0.00311 12 
58188.3517303 1.00157840324 0.00311 12 
58188.3518808 1.00003857506 0.00311 12 
58188.3520428 1.00060471428 0.00311 12 
58188.3521933 1.00243970623 0.00311 12 
58188.3523438 1.00281982639 0.00311 12 
58188.3525058 1.0001909346 0.00311 12 
58188.3526562 0.999529451462 0.00311 12 
58188.3528067 1.00043041847 0.00311 12 
58188.3529572 1.0036940475 0.00311 12 
58188.3531192 0.996989132679 0.00311 12 
58188.3532697 0.996233432889 0.00311 12 
58188.3534201 1.00111092199 0.00311 12 
58188.3535822 1.00326765753 0.00311 12 
58188.3537326 0.999318911406 0.00311 12 
58188.3538831 0.999747460898 0.00311 12 
58188.3540336 1.00159266824 0.00311 12 
58188.354184 0.998435392998 0.00311 12 
58188.3543345 0.999810246911 0.00311 12 
58188.3544849 1.00081124625 0.00311 12 
58188.354647 1.002009649 0.00311 12 
58188.3547974 0.999768644848 0.00311 12 
58188.3549479 0.995018973162 0.00311 12 
58188.3550984 0.99842056093 0.00311 12 
58188.3552488 1.0009551902 0.00311 12 
58188.3553993 0.99688032493 0.00311 12 
58188.3555613 0.99663421808 0.00311 12 
58188.3557118 0.998209500397 0.00311 12 
58188.3558623 1.0031509113 0.00311 12 
58188.3560127 0.998027841412 0.00311 12 
58188.3561632 1.00100246923 0.00311 12 
58188.3563252 0.991314201556 0.00311 12 
58188.3564757 0.996358629782 0.00311 12 
58188.3566261 0.997448263756 0.00311 12 
58188.3567882 0.997515206094 0.00311 12 
58188.3569387 1.00058695914 0.00311 12 
58188.3570891 1.00060004155 0.00311 12 
58188.3572512 1.00119838259 0.00311 12 
58188.3574016 1.00018664897 0.00311 12 
58188.3575521 1.00103004684 0.00311 12 
58188.3577025 0.995277374771 0.00311 12 
58188.3578646 1.00488005787 0.00311 12 
58188.3580151 1.00567232283 0.00311 12 
58188.3581655 0.999036985353 0.00311 12 
58188.358316 1.00011909159 0.00311 12 
58188.3584664 1.00275344866 0.00311 12 
58188.3586285 1.00363682112 0.00311 12 
58188.3587789 1.00353168324 0.00311 12 
58188.3589294 1.00214141012 0.00311 12 
58188.3590914 0.999932112664 0.00311 12 
58188.3592419 1.0028263353 0.00311 12 
58188.3593924 0.998462698518 0.00311 12 
58188.3595544 1.00033196649 0.00311 12 
58188.3597048 0.999771676701 0.00311 12 
58188.3598553 1.00083207951 0.00311 12 
58188.3600174 0.994651365562 0.00311 12 
58188.3601678 0.999105537623 0.00311 12 
58188.3603183 1.00072229451 0.00311 12 
58188.3604687 1.00076766796 0.00311 12 
58188.3606308 0.996027259285 0.00311 12 
58188.3607812 0.998158838878 0.00311 12 
58188.3609317 1.00068215964 0.00311 12 
58188.3610938 0.999035166778 0.00311 12 
58188.3612442 1.00263202784 0.00311 12 
58188.3613947 1.00231539745 0.00311 12 
58188.3615567 0.997670095094 0.00311 12 
58188.3617072 0.999115385342 0.00311 12 
58188.3618576 1.00234869127 0.00311 12 
58188.3620081 0.99615732001 0.00311 12 
58188.3621586 0.995664172129 0.00311 12 
58188.362309 0.998965571147 0.00311 12 
58188.3624595 1.00115893499 0.00311 12 
58188.3626099 0.999749186081 0.00311 12 
58188.3627604 1.0026386421 0.00311 12 
58188.3629109 1.00279144624 0.00311 12 
58188.3630729 1.00501818826 0.00311 12 
58188.3632234 0.999756612642 0.00311 12 
58188.3633738 1.00085766984 0.00311 12 
58188.3635243 1.00154797984 0.00311 12 
58188.3636748 0.999655282079 0.00311 12 
58188.3638368 0.998653330805 0.00311 12 
58188.3639873 1.00095472913 0.00311 12 
58188.3641377 1.00067340736 0.00311 12 
58188.3642882 0.998399641147 0.00311 12 
58188.3644386 0.997334629623 0.00311 12 
58188.3645891 0.999042077874 0.00311 12 
58188.3647396 0.999638688038 0.00311 12 
58188.36489 0.999763785981 0.00311 12 
58188.3650521 0.997974239535 0.00311 12 
58188.3652025 0.995003013951 0.00311 12 
58188.365353 0.99913639758 0.00311 12 
58188.3655035 0.999254100655 0.00311 12 
58188.3656655 1.0038508973 0.00311 12 
58188.365816 0.998596473355 0.00311 12 
58188.3659664 0.999772117405 0.00311 12 
58188.3661169 1.00387881761 0.00311 12 
58188.3662789 0.997805385538 0.00311 12 
58188.3664294 1.00445194037 0.00311 12 
58188.3665799 1.00025548654 0.00311 12 
58188.3667303 1.00030532178 0.00311 12 
58188.3668808 1.00262638621 0.00311 12 
58188.3670312 0.994541215016 0.00311 12 
58188.3671933 1.00312379491 0.00311 12 
58188.3673437 0.995925812759 0.00311 12 
58188.3674942 0.999815924419 0.00311 12 
58188.3676447 1.00537873389 0.00311 12 
58188.3678067 0.997339933059 0.00311 12 
58188.3679572 0.998129587642 0.00311 12 
58188.3681076 0.997738729458 0.00311 12 
58188.3682697 0.99841885443 0.00311 12 
58188.3684201 1.00018197096 0.00311 12 
58188.3685706 0.99964408116 0.00311 12 
58188.3687211 0.996302939448 0.00311 12 
58188.3688831 1.00229948944 0.00311 12 
58188.3690336 0.995108070333 0.00311 12 
58188.369184 0.995409290614 0.00311 12 
58188.3693461 1.00139574355 0.00311 12 
58188.3694965 0.999818012512 0.00311 12 
58188.369647 0.998506666806 0.00311 12 
58188.369809 0.999478404402 0.00311 12 
58188.3699595 0.998554240442 0.00311 12 
58188.3701099 0.998735978871 0.00311 12 
58188.3702604 0.999977679773 0.00311 12 
58188.3704224 1.00312939571 0.00311 12 
58188.3705729 0.997624478464 0.00311 12 
58188.3707234 1.0019259088 0.00311 12 
58188.3708854 1.00037855569 0.00311 12 
58188.3710359 1.00077074429 0.00311 12 
58188.3711863 1.0000164697 0.00311 12 
58188.3713484 1.00163835142 0.00311 12 
58188.3714988 1.0005702119 0.00311 12 
58188.3716493 0.998482819931 0.00311 12 
58188.3717998 1.00459738026 0.00311 12 
58188.3719618 0.994670101083 0.00311 12 
58188.3721123 1.00357081096 0.00311 12 
58188.3722627 1.00036054851 0.00311 12 
58188.3724248 0.997089183782 0.00311 12 
58188.3725752 1.00390082378 0.00311 12 
58188.3727257 1.00029682673 0.00311 12 
58188.3728877 0.999102684691 0.00311 12 
58188.3730382 0.998569821975 0.00311 12 
58188.3731887 0.996226667873 0.00311 12 
58188.3733391 1.00134220909 0.00311 12 
58188.3735011 1.00387407143 0.00311 12 
58188.3736516 0.999689496801 0.00311 12 
58188.3738021 1.00201487264 0.00311 12 
58188.3739641 0.999312091901 0.00311 12 
58188.3741146 1.0033733894 0.00311 12 
58188.374265 0.999749313523 0.00311 12 
58188.3744155 1.00013449409 0.00311 12 
58188.3745775 0.997484132156 0.00311 12 
58188.374728 1.00242506362 0.00311 12 
58188.3748785 1.00410990373 0.00311 12 
58188.3750405 0.995697682505 0.00311 12 
58188.375191 1.00035269698 0.00311 12 
58188.3753414 0.999988394958 0.00311 12 
58188.3755035 1.00293934187 0.00311 12 
58188.3756539 1.00114512141 0.00311 12 
58188.3758044 1.00389452728 0.00311 12 
58188.3759664 1.00038934389 0.00311 12 
58188.3761169 0.998813280618 0.00311 12 
58188.3762674 1.00636916405 0.00311 12 
58188.3764294 1.00245341245 0.00311 12 
58188.3765799 0.9974927179 0.00311 12 
58188.3767303 1.00212836118 0.00311 12 
58188.3768924 1.00188421383 0.00311 12 
58188.3770428 0.99674519623 0.00311 12 
58188.3771933 0.997830597832 0.00311 12 
58188.3773553 0.998744999197 0.00311 12 
58188.3775058 1.0048337703 0.00311 12 
58188.3776562 0.997802270906 0.00311 12 
58188.3778183 0.999835378579 0.00311 12 
58188.3779688 0.997583116077 0.00311 12 
58188.3781192 0.999392516371 0.00311 12 
58188.3782813 1.00132168142 0.00311 12 
58188.3784317 0.999619017846 0.00311 12 
58188.3785822 0.997511950195 0.00311 12 
58188.3787326 0.995145601298 0.00311 12 
58188.3788831 1.00157954552 0.00311 12 
58188.3790336 0.996523113087 0.00311 12 
58188.379184 1.00374996863 0.00311 12 
58188.3793461 1.00297452538 0.00311 12 
58188.3794965 1.00524961116 0.00311 12 
58188.379647 0.999077347996 0.00311 12 
58188.3797975 1.00189455618 0.00311 12 
58188.3799479 1.00158404639 0.00311 12 
58188.3800984 1.00608572335 0.00311 12 
58188.3802604 0.998565420814 0.00311 12 
58188.3804109 0.99857805248 0.00311 12 
58188.3805613 0.996079861648 0.00311 12 
58188.3807118 0.997946555816 0.00311 12 
58188.3808623 0.997049697174 0.00311 12 
58188.3810127 0.99567731171 0.00311 12 
58188.3811632 1.00343241057 0.00311 12 
58188.3813136 1.00109950679 0.00311 12 
58188.3814641 0.995062355504 0.00311 12 
58188.3816146 1.00232492422 0.00311 12 
58188.3817766 1.00365201318 0.00311 12 
58188.3819271 1.00150826452 0.00311 12 
58188.3820775 0.99752617073 0.00311 12 
58188.382228 1.00078381909 0.00311 12 
58188.3823785 0.998407941117 0.00311 12 
58188.3825289 1.00174197656 0.00311 12 
58188.382691 0.999825941727 0.00311 12 
58188.3828414 0.995261726635 0.00311 12 
58188.3829919 1.0021713462 0.00311 12 
58188.3831423 1.00269326446 0.00311 12 
58188.3833044 1.00524679077 0.00311 12 
58188.3834549 0.998067055591 0.00311 12 
58188.3836053 0.999712785714 0.00311 12 
58188.3837674 0.998777976381 0.00311 12 
58188.3839178 0.995769626721 0.00311 12 
58188.3840683 1.00322541189 0.00311 12 
58188.3842303 0.99829809268 0.00311 12 
58188.3843808 1.00442597313 0.00311 12 
58188.3845313 1.00056777028 0.00311 12 
58188.3846933 1.0037498293 0.00311 12 
58188.3848438 0.999676921294 0.00311 12 
58188.3849942 1.00198050912 0.00311 12 
58188.3851447 1.00199240534 0.00311 12 
58188.3852951 1.00352725334 0.00311 12 
58188.3854572 0.99913042701 0.00311 12 
58188.3856076 1.00176092486 0.00311 12 
58188.3857581 1.00078312768 0.00311 12 
58188.3859201 1.00182633668 0.00311 12 
58188.3860706 1.00269755631 0.00311 12 
58188.3862211 1.003095118 0.00311 12 
58188.3863831 1.0047361983 0.00311 12 
58188.3865336 0.99965151671 0.00311 12 
58188.386684 0.996664666236 0.00311 12 
58188.3868345 0.999245088619 0.00311 12 
58188.3869965 1.00201766835 0.00311 12 
58188.387147 0.999893168599 0.00311 12 
58188.3872974 0.999550423322 0.00311 12 
58188.3874595 1.00016723298 0.00311 12 
58188.38761 1.00089483407 0.00311 12 
58188.3877604 1.00297805248 0.00311 12 
58188.3879225 1.0031361823 0.00311 12 
58188.3880729 0.998498968853 0.00311 12 
58188.3882234 0.997166716985 0.00311 12 
58188.3883854 0.999456084206 0.00311 12 
58188.3885359 0.999756623982 0.00311 12 
58188.3886864 0.994647096977 0.00311 12 
58188.3888368 1.00245598283 0.00311 12 
58188.3889988 1.00257592976 0.00311 12 
58188.3891493 1.00077996217 0.00311 12 
58188.3892998 1.00264519218 0.00311 12 
58188.3894618 0.997773497712 0.00311 12 
58188.3896123 0.999266060829 0.00311 12 
58188.3897627 0.997565743635 0.00311 12 
58188.3899132 0.998676383435 0.00311 12 
58188.3900752 0.998325390408 0.00311 12 
58188.3902257 0.998283940076 0.00311 12 
58188.3903761 0.99840577568 0.00311 12 
58188.3905382 0.99569902591 0.00311 12 
58188.3906887 1.00120225747 0.00311 12 
58188.3908391 0.998203751047 0.00311 12 
58188.3910012 0.997478774848 0.00311 12 
58188.3911516 0.999881934103 0.00311 12 
58188.3913021 1.0046687991 0.00311 12 
58188.3914525 0.992790176072 0.00311 12 
58188.3916146 1.0019702587 0.00311 12 
58188.3917651 0.997405709241 0.00311 12 
58188.3919155 0.998930308587 0.00311 12 
58188.3920776 0.998303405406 0.00311 12 
58188.392228 0.989740414186 0.00311 12 
58188.3923785 0.997814482977 0.00311 12 
58188.3925289 0.995392581681 0.00311 12 
58188.392691 0.99979024535 0.00311 12 
58188.3928414 0.997670120477 0.00311 12 
58188.3929919 1.0050086613 0.00311 12 
58188.3931539 0.996037802298 0.00311 12 
58188.3933044 0.99428876116 0.00311 12 
58188.3934549 1.00286401032 0.00311 12 
58188.3936169 0.994887615476 0.00311 12 
58188.3937674 0.99972504367 0.00311 12 
58188.3939178 0.994272816318 0.00311 12 
58188.3940683 0.992338210183 0.00311 12 
58188.3942303 0.99226546569 0.00311 12 
58188.3943808 0.99925910806 0.00311 12 
58188.3945312 0.99824426792 0.00311 12 
58188.3946933 0.991111234519 0.00311 12 
58188.3948438 0.999445603526 0.00311 12 
58188.3949942 0.994242490689 0.00311 12 
58188.3951563 0.990274731878 0.00311 12 
58188.3953067 0.996070694819 0.00311 12 
58188.3954572 0.992400069164 0.00311 12 
58188.3956076 0.995311626868 0.00311 12 
58188.3957697 0.99815927266 0.00311 12 
58188.3959202 0.993934125923 0.00311 12 
58188.3960706 0.994357522921 0.00311 12 
58188.3962326 0.996633512434 0.00311 12 
58188.3963831 0.995612454844 0.00311 12 
58188.3965336 0.991812804267 0.00311 12 
58188.396684 0.995101769215 0.00311 12 
58188.3968461 0.997346358666 0.00311 12 
58188.3969965 0.997241153872 0.00311 12 
58188.397147 0.993847776606 0.00311 12 
58188.397309 0.995918148 0.00311 12 
58188.3974595 0.992447529482 0.00311 12 
58188.3976099 0.993445648516 0.00311 12 
58188.397772 0.994996814107 0.00311 12 
58188.3979225 0.995940765308 0.00311 12 
58188.3980729 0.995875553298 0.00311 12 
58188.3982234 0.994386721727 0.00311 12 
58188.3983738 1.00031874026 0.00311 12 
58188.3985359 0.996132571127 0.00311 12 
58188.3986863 0.997908072318 0.00311 12 
58188.3988368 0.994348765497 0.00311 12 
58188.3989873 0.995606631808 0.00311 12 
58188.3991377 0.999352562186 0.00311 12 
58188.3992882 0.996573105546 0.00311 12 
58188.3994386 0.99624698949 0.00311 12 
58188.3996007 0.994315560611 0.00311 12 
58188.3997512 0.992359091002 0.00311 12 
58188.3999016 0.994070146695 0.00311 12 
58188.4000521 0.990933549596 0.00311 12 
58188.4002025 0.989011061198 0.00311 12 
58188.400353 0.993118925815 0.00311 12 
58188.4005035 0.995257794499 0.00311 12 
58188.4006539 0.992135549113 0.00311 12 
58188.4008044 0.98821608022 0.00311 12 
58188.4009664 0.987803858964 0.00311 12 
58188.4011169 0.993808390428 0.00311 12 
58188.4012674 0.988675140645 0.00311 12 
58188.4014178 0.995218402144 0.00311 12 
58188.4015683 0.994309178776 0.00311 12 
58188.4017303 0.994531168146 0.00311 12 
58188.4018808 0.996832935158 0.00311 12 
58188.4020312 0.991248225373 0.00311 12 
58188.4021817 0.99308184809 0.00311 12 
58188.4023322 0.998385674088 0.00311 12 
58188.4024942 0.993810332839 0.00311 12 
58188.4026447 0.989661459942 0.00311 12 
58188.4027951 0.982591730877 0.00311 12 
58188.4029456 0.990182502265 0.00311 12 
58188.4030961 0.991655353982 0.00311 12 
58188.4032465 0.991680394821 0.00311 12 
58188.4034086 0.988780223816 0.00311 12 
58188.403559 0.987337338608 0.00311 12 
58188.4037095 0.991192318104 0.00311 12 
58188.40386 0.992110005419 0.00311 12 
58188.404022 0.993122966988 0.00311 12 
58188.4041724 0.988530940967 0.00311 12 
58188.4043229 0.992358875971 0.00311 12 
58188.4044734 0.98911494825 0.00311 12 
58188.4046238 0.993480888987 0.00311 12 
58188.4047743 0.987011078187 0.00311 12 
58188.4049363 0.990527338405 0.00311 12 
58188.4050868 0.992212429417 0.00311 12 
58188.4052373 0.992722018404 0.00311 12 
58188.4053877 0.995150226728 0.00311 12 
58188.4055382 0.994386405743 0.00311 12 
58188.4056887 0.995225029965 0.00311 12 
58188.4058391 0.994556275862 0.00311 12 
58188.4060011 0.990503531839 0.00311 12 
58188.4061516 0.987426922438 0.00311 12 
58188.4063021 0.995323451739 0.00311 12 
58188.4064526 0.991766914132 0.00311 12 
58188.406603 0.996837573604 0.00311 12 
58188.406765 0.987318346821 0.00311 12 
58188.4069155 0.993101576386 0.00311 12 
58188.407066 0.988478898011 0.00311 12 
58188.4072164 0.991831394598 0.00311 12 
58188.4073669 0.990846098933 0.00311 12 
58188.4075174 0.996578278325 0.00311 12 
58188.4076794 0.995037563379 0.00311 12 
58188.4078299 0.991964491765 0.00311 12 
58188.4079803 0.991646990591 0.00311 12 
58188.4081308 0.98749898443 0.00311 12 
58188.4082813 0.993421367944 0.00311 12 
58188.4084433 0.994753278866 0.00311 12 
58188.4085937 0.990563832724 0.00311 12 
58188.4087442 0.983004823844 0.00311 12 
58188.4089062 0.993043341874 0.00311 12 
58188.4090567 0.994971611306 0.00311 12 
58188.4092072 0.988946982503 0.00311 12 
58188.4093692 0.991804398475 0.00311 12 
58188.4095197 0.990152256905 0.00311 12 
58188.4096701 0.990549206123 0.00311 12 
58188.4098206 0.992601928766 0.00311 12 
58188.4099711 0.987390024757 0.00311 12 
58188.4101331 0.986823881461 0.00311 12 
58188.4102836 0.988871449111 0.00311 12 
58188.410434 0.984303260503 0.00311 12 
58188.4105845 0.985425307589 0.00311 12 
58188.4107349 0.993283445108 0.00311 12 
58188.4108854 0.990365985365 0.00311 12 
58188.4110475 0.992675612491 0.00311 12 
58188.4111979 0.98584607001 0.00311 12 
58188.4113484 0.990431767941 0.00311 12 
58188.4114988 0.986399626451 0.00311 12 
58188.4116493 0.995840766417 0.00311 12 
58188.4117998 0.992307796409 0.00311 12 
58188.4119618 0.992848463607 0.00311 12 
58188.4121123 0.985672876876 0.00311 12 
58188.4122627 0.991061800285 0.00311 12 
58188.4124132 0.991585371655 0.00311 12 
58188.4125752 0.994305879662 0.00311 12 
58188.4127257 0.989481202074 0.00311 12 
58188.4128762 0.991058059353 0.00311 12 
58188.4130382 0.988786836975 0.00311 12 
58188.4131887 0.988471723657 0.00311 12 
58188.4133391 0.988504650939 0.00311 12 
58188.4135012 0.992021378777 0.00311 12 
58188.4136516 0.986586149613 0.00311 12 
58188.4138021 0.990586182902 0.00311 12 
58188.4139641 0.988879605294 0.00311 12 
58188.4141146 0.988676113239 0.00311 12 
58188.4142651 0.988855133566 0.00311 12 
58188.4144155 0.990222281557 0.00311 12 
58188.4145775 0.990723952861 0.00311 12 
58188.414728 0.992736306129 0.00311 12 
58188.4148785 0.993895354428 0.00311 12 
58188.4150289 0.988607053026 0.00311 12 
58188.415191 0.994329394812 0.00311 12 
58188.4153414 0.992865013034 0.00311 12 
58188.4154919 0.987351969173 0.00311 12 
58188.4156424 0.992563336124 0.00311 12 
58188.4157928 0.992950797092 0.00311 12 
58188.4159433 0.989791136716 0.00311 12 
58188.4160938 0.99245047632 0.00311 12 
58188.4162558 0.994984373198 0.00311 12 
58188.4164062 0.991269034711 0.00311 12 
58188.4165683 0.987182563845 0.00311 12 
58188.4167187 0.986259389221 0.00311 12 
58188.4168692 0.99089605618 0.00311 12 
58188.4170197 0.988875172486 0.00311 12 
58188.4171701 0.991597346708 0.00311 12 
58188.4173322 0.989744963972 0.00311 12 
58188.4174826 0.990690707168 0.00311 12 
58188.4176331 0.993374872267 0.00311 12 
58188.4177951 0.984734786781 0.00311 12 
58188.4179456 0.994249197027 0.00311 12 
58188.4180961 0.989630383004 0.00311 12 
58188.4182581 0.986899796756 0.00311 12 
58188.4184086 0.987899855271 0.00311 12 
58188.418559 0.99268865309 0.00311 12 
58188.4187095 0.99489141417 0.00311 12 
58188.4188715 0.989030680031 0.00311 12 
58188.419022 0.992510339135 0.00311 12 
58188.4191725 0.993311322305 0.00311 12 
58188.4193345 0.991759284084 0.00311 12 
58188.419485 0.989233819876 0.00311 12 
58188.4196354 0.986362572544 0.00311 12 
58188.4197859 0.989988718151 0.00311 12 
58188.4199479 0.994759266454 0.00311 12 
58188.4200984 0.987210088547 0.00311 12 
58188.4202488 0.990579754978 0.00311 12 
58188.4203993 0.989154555712 0.00311 12 
58188.4205498 0.992125271197 0.00311 12 
58188.4207118 0.992482693136 0.00311 12 
58188.4208623 0.989186401207 0.00311 12 
58188.4210127 0.988587565894 0.00311 12 
58188.4211632 0.994763806632 0.00311 12 
58188.4213137 0.995028985605 0.00311 12 
58188.4214641 0.987531135219 0.00311 12 
58188.4216146 0.987127839509 0.00311 12 
58188.4217651 0.990088472184 0.00311 12 
58188.4219271 0.989731420734 0.00311 12 
58188.4220776 0.991127059261 0.00311 12 
58188.422228 0.988319787918 0.00311 12 
58188.4223785 0.985892721171 0.00311 12 
58188.4225405 0.992538266472 0.00311 12 
58188.422691 0.988001560802 0.00311 12 
58188.4228414 0.992539959684 0.00311 12 
58188.4230035 0.98953065696 0.00311 12 
58188.4231539 0.985525956246 0.00311 12 
58188.4233044 0.993121030876 0.00311 12 
58188.4234664 0.994752458736 0.00311 12 
58188.4236169 0.990179410453 0.00311 12 
58188.4237674 0.982799556099 0.00311 12 
58188.4239178 0.99157572494 0.00311 12 
58188.4240799 0.98874387583 0.00311 12 
58188.4242303 0.99246448606 0.00311 12 
58188.4243808 0.986277433369 0.00311 12 
58188.4245312 0.983918109633 0.00311 12 
58188.4246817 0.990496583414 0.00311 12 
58188.4248322 0.992295090651 0.00311 12 
58188.4249942 0.991573815059 0.00311 12 
58188.4251447 0.985468302655 0.00311 12 
58188.4252951 0.994450513986 0.00311 12 
58188.4254456 0.989937019239 0.00311 12 
58188.4255961 0.992205633371 0.00311 12 
58188.4257465 0.990539334627 0.00311 12 
58188.4259086 0.992334360754 0.00311 12 
58188.426059 0.989089549482 0.00311 12 
58188.4262095 0.991584899495 0.00311 12 
58188.4263599 0.987478487988 0.00311 12 
58188.4265104 0.99379664409 0.00311 12 
58188.4266725 0.993219815784 0.00311 12 
58188.4268229 0.992116024632 0.00311 12 
58188.4269734 0.990957755669 0.00311 12 
58188.4271238 0.987478001579 0.00311 12 
58188.4272743 0.985235747119 0.00311 12 
58188.4274248 0.99580786635 0.00311 12 
58188.4275752 0.991189619387 0.00311 12 
58188.4277373 0.989611899912 0.00311 12 
58188.4278877 0.988819752732 0.00311 12 
58188.4280382 0.986882322045 0.00311 12 
58188.4281886 0.986939244744 0.00311 12 
58188.4283391 0.990134732074 0.00311 12 
58188.4284896 0.989529305178 0.00311 12 
58188.4286516 0.989623025989 0.00311 12 
58188.4288021 0.98766146177 0.00311 12 
58188.4289525 0.987216334925 0.00311 12 
58188.429103 0.98929886586 0.00311 12 
58188.4292535 0.988647391542 0.00311 12 
58188.4294039 0.988655069331 0.00311 12 
58188.4295544 0.990955196747 0.00311 12 
58188.4297164 0.985083326595 0.00311 12 
58188.4298669 0.987974328322 0.00311 12 
58188.4300173 0.992100247104 0.00311 12 
58188.4301678 0.987795407894 0.00311 12 
58188.4303183 0.98827578182 0.00311 12 
58188.4304688 0.992701941279 0.00311 12 
58188.4306192 0.988053209325 0.00311 12 
58188.4307697 0.992769393562 0.00311 12 
58188.4309317 0.989594594278 0.00311 12 
58188.4310822 0.987031996469 0.00311 12 
58188.4312326 0.987805019744 0.00311 12 
58188.4313831 0.988129513594 0.00311 12 
58188.4315336 0.991584590754 0.00311 12 
58188.431684 0.994955179453 0.00311 12 
58188.4318345 0.987765968098 0.00311 12 
58188.4319965 0.992536471499 0.00311 12 
58188.432147 0.993636817692 0.00311 12 
58188.4322975 0.990523705921 0.00311 12 
58188.4324479 0.997246702201 0.00311 12 
58188.4326099 0.980925172114 0.00311 12 
58188.4327604 0.992608320064 0.00311 12 
58188.4329109 0.994446754673 0.00311 12 
58188.4330614 0.986557663933 0.00311 12 
58188.4332118 0.985279979647 0.00311 12 
58188.4333623 0.985528583782 0.00311 12 
58188.4335127 0.991477644056 0.00311 12 
58188.4336748 0.992254847748 0.00311 12 
58188.4338252 0.990139509278 0.00311 12 
58188.4339757 0.998155106129 0.00311 12 
58188.4341262 0.990707881018 0.00311 12 
58188.4342766 0.991183064228 0.00311 12 
58188.4344387 0.993977920483 0.00311 12 
58188.4345891 0.988910990934 0.00311 12 
58188.4347396 0.989243781789 0.00311 12 
58188.4349016 0.993128474071 0.00311 12 
58188.4350521 0.990563039141 0.00311 12 
58188.4352025 0.991705022309 0.00311 12 
58188.435353 0.987041635426 0.00311 12 
58188.435515 0.986339536842 0.00311 12 
58188.4356655 0.992408870177 0.00311 12 
58188.435816 0.987650925052 0.00311 12 
58188.4359664 0.988059651544 0.00311 12 
58188.4361169 0.988446705755 0.00311 12 
58188.4362674 0.987555513024 0.00311 12 
58188.4364178 0.989735430071 0.00311 12 
58188.4365683 0.990464082899 0.00311 12 
58188.4367188 0.987279290817 0.00311 12 
58188.4368808 0.992380775844 0.00311 12 
58188.4370313 0.984328433221 0.00311 12 
58188.4371817 0.987462795593 0.00311 12 
58188.4373322 0.986370027818 0.00311 12 
58188.4374826 0.98817152449 0.00311 12 
58188.4376331 0.988550435364 0.00311 12 
58188.4377836 0.990521202893 0.00311 12 
58188.437934 0.989640163605 0.00311 12 
58188.4380961 0.988143339214 0.00311 12 
58188.4382465 0.998108046269 0.00311 12 
58188.438397 0.9877112226 0.00311 12 
58188.4385475 0.988614290988 0.00311 12 
58188.4386979 0.988135776083 0.00311 12 
58188.4388484 0.991975573576 0.00311 12 
58188.4390104 0.992524529632 0.00311 12 
58188.4391609 0.990455557006 0.00311 12 
58188.4393113 0.987111195549 0.00311 12 
58188.4394618 0.986519452619 0.00311 12 
58188.4396123 0.989790370652 0.00311 12 
58188.4397743 0.988048110464 0.00311 12 
58188.4399248 0.987547029803 0.00311 12 
58188.4400752 0.989304281559 0.00311 12 
58188.4402373 0.991567030966 0.00311 12 
58188.4403877 0.993764995398 0.00311 12 
58188.4405382 0.991874971806 0.00311 12 
58188.4407002 0.994002439359 0.00311 12 
58188.4408507 0.987470142123 0.00311 12 
58188.4410012 0.989746594192 0.00311 12 
58188.4411632 0.988170962117 0.00311 12 
58188.4413136 0.989836615156 0.00311 12 
58188.4414641 0.990853411895 0.00311 12 
58188.4416146 0.99026060487 0.00311 12 
58188.441765 0.988877132033 0.00311 12 
58188.4419271 0.984698571375 0.00311 12 
58188.4420775 0.990036124807 0.00311 12 
58188.442228 0.991163508511 0.00311 12 
58188.4423785 0.990449306199 0.00311 12 
58188.4425289 0.988136231728 0.00311 12 
58188.4426794 0.991874714297 0.00311 12 
58188.4428299 0.990889510799 0.00311 12 
58188.4429919 0.999891974688 0.00311 12 
58188.4431423 0.992059756336 0.00311 12 
58188.4432928 0.984649134156 0.00311 12 
58188.4434433 0.992327998751 0.00311 12 
58188.4435938 0.990827426764 0.00311 12 
58188.4437442 0.99674988515 0.00311 12 
58188.4438947 0.987828718795 0.00311 12 
58188.4440452 0.990914315911 0.00311 12 
58188.4442072 0.987358321575 0.00311 12 
58188.4443576 0.989446373833 0.00311 12 
58188.4445081 0.993401156308 0.00311 12 
58188.4446586 0.993560818625 0.00311 12 
58188.444809 0.986447249422 0.00311 12 
58188.4449595 0.991025145143 0.00311 12 
58188.4451215 0.985658057088 0.00311 12 
58188.445272 0.985430596209 0.00311 12 
58188.4454225 0.992339642983 0.00311 12 
58188.4455729 0.988330340991 0.00311 12 
58188.4457349 0.986261887795 0.00311 12 
58188.4458854 0.986778018683 0.00311 12 
58188.4460359 0.992269281153 0.00311 12 
58188.4461863 0.991586358433 0.00311 12 
58188.4463368 0.992890890304 0.00311 12 
58188.4464873 0.983153984598 0.00311 12 
58188.4466377 0.992331433478 0.00311 12 
58188.4467882 0.992388418499 0.00311 12 
58188.4469387 0.997016190091 0.00311 12 
58188.4471007 0.993432396951 0.00311 12 
58188.4472512 0.987464362864 0.00311 12 
58188.4474016 0.993568533508 0.00311 12 
58188.4475521 0.986843181953 0.00311 12 
58188.4477141 0.989522200864 0.00311 12 
58188.4478646 0.991136815571 0.00311 12 
58188.4480151 0.990967926795 0.00311 12 
58188.4481655 0.988633871051 0.00311 12 
58188.4483275 0.989195415195 0.00311 12 
58188.448478 0.987215379715 0.00311 12 
58188.4486285 0.993622032825 0.00311 12 
58188.4487905 0.989159713473 0.00311 12 
58188.448941 0.990895805741 0.00311 12 
58188.4490914 0.985215467051 0.00311 12 
58188.4492535 0.988235465961 0.00311 12 
58188.4494039 0.991546409973 0.00311 12 
58188.4495544 0.994892713104 0.00311 12 
58188.4497164 0.989251105027 0.00311 12 
58188.4498669 0.993034760912 0.00311 12 
58188.4500174 0.987747912234 0.00311 12 
58188.4501678 0.988859996424 0.00311 12 
58188.4503299 0.995960602784 0.00311 12 
58188.4504803 0.993306038056 0.00311 12 
58188.4506308 0.992332665097 0.00311 12 
58188.4507928 0.991328617123 0.00311 12 
58188.4509433 0.988655230074 0.00311 12 
58188.4510938 0.99036605819 0.00311 12 
58188.4512442 0.993650360813 0.00311 12 
58188.4514063 0.995866179587 0.00311 12 
58188.4515567 0.995726234221 0.00311 12 
58188.4517072 0.985337140267 0.00311 12 
58188.4518577 0.994334022687 0.00311 12 
58188.4520197 0.995423809313 0.00311 12 
58188.4521701 0.993557602206 0.00311 12 
58188.4523206 0.99218737737 0.00311 12 
58188.4524826 0.991346354565 0.00311 12 
58188.4526331 0.989253966329 0.00311 12 
58188.4527836 0.993330497895 0.00311 12 
58188.4529456 0.9859790721 0.00311 12 
58188.4530961 0.990518165156 0.00311 12 
58188.4532465 0.989700356181 0.00311 12 
58188.453397 0.991453253947 0.00311 12 
58188.453559 0.991831665888 0.00311 12 
58188.4537095 0.984744732138 0.00311 12 
58188.4538599 0.991561937026 0.00311 12 
58188.4540104 0.99223549344 0.00311 12 
58188.4541609 0.991099405117 0.00311 12 
58188.4543229 0.989479525193 0.00311 12 
58188.4544734 0.99112670283 0.00311 12 
58188.4546238 0.989724528797 0.00311 12 
58188.4547743 0.989646611428 0.00311 12 
58188.4549248 0.989227064193 0.00311 12 
58188.4550752 0.9875298769 0.00311 12 
58188.4552373 0.990752505829 0.00311 12 
58188.4553877 0.983699897677 0.00311 12 
58188.4555382 0.984386169385 0.00311 12 
58188.4556886 0.985969770997 0.00311 12 
58188.4558391 0.991572239524 0.00311 12 
58188.4560012 0.993569072151 0.00311 12 
58188.4561516 0.996722822666 0.00311 12 
58188.4563021 0.993665092039 0.00311 12 
58188.4564641 0.986065369891 0.00311 12 
58188.4566146 0.992120391007 0.00311 12 
58188.4567651 0.988569851174 0.00311 12 
58188.4569271 0.985581266071 0.00311 12 
58188.4570776 0.98950689428 0.00311 12 
58188.457228 0.993779494949 0.00311 12 
58188.45739 0.994238916261 0.00311 12 
58188.4575405 0.995170303582 0.00311 12 
58188.457691 0.999871221529 0.00311 12 
58188.4578414 0.98947881979 0.00311 12 
58188.4580035 0.996260701831 0.00311 12 
58188.4581539 0.988362071314 0.00311 12 
58188.4583044 0.987530258717 0.00311 12 
58188.4584664 0.991984639424 0.00311 12 
58188.4586169 0.985158901413 0.00311 12 
58188.4587673 0.991987522131 0.00311 12 
58188.4589178 0.991456497463 0.00311 12 
58188.4590683 0.988389219248 0.00311 12 
58188.4592188 0.990427879394 0.00311 12 
58188.4593808 0.987502619429 0.00311 12 
58188.4595312 0.99048386877 0.00311 12 
58188.4596817 0.991236382127 0.00311 12 
58188.4598437 0.986950346603 0.00311 12 
58188.4599942 0.993344527732 0.00311 12 
58188.4601447 0.996458579303 0.00311 12 
58188.4602951 0.982071296591 0.00311 12 
58188.4604572 0.99385309268 0.00311 12 
58188.4606076 0.986793125346 0.00311 12 
58188.4607581 0.991295142123 0.00311 12 
58188.4609086 0.993589233092 0.00311 12 
58188.4610706 0.992694734715 0.00311 12 
58188.4612211 0.992412718198 0.00311 12 
58188.4613715 0.988831288778 0.00311 12 
58188.461522 0.988538403191 0.00311 12 
58188.4616724 0.999970857617 0.00311 12 
58188.4618229 0.991545323034 0.00311 12 
58188.4619734 0.985943379031 0.00311 12 
58188.4621238 0.993288784257 0.00311 12 
58188.4622859 0.988056638147 0.00311 12 
58188.4624363 0.991385699106 0.00311 12 
58188.4625868 0.99176370648 0.00311 12 
58188.4627373 0.994221391151 0.00311 12 
58188.4628877 0.984000675737 0.00311 12 
58188.4630382 0.991022393273 0.00311 12 
58188.4632002 0.988302178035 0.00311 12 
58188.4633507 0.998034096766 0.00311 12 
